1 5 0.199738 0.0477548
2 5 0.199738 0.0477548
3 5 0.199738 0.0477548
4 5 0.199738 0.0477548
5 5 0.199738 0.0477548
6 5 0.199738 0.0477548
7 5 0.199738 0.0477548
8 5 0.199738 0.0477548
9 5 0.179053 0.0423971
10 5 -0.164628 0.0202433
11 5 -0.164628 0.0202433
12 5 -0.27205 0.017107
13 5 -0.318322 0.0150001
14 5 -0.333626 0.0130202
15 5 -0.352789 0.0109832
16 5 -0.352789 0.0109832
17 5 -0.390467 0.00901466
18 5 -0.390467 0.00901466
19 5 -0.390467 0.00901466
20 5 -0.390467 0.00901466
21 5 -0.390467 0.00901466
22 5 -0.390467 0.00901466
23 5 -0.390467 0.00901466
24 5 -0.390467 0.00901466
25 5 -0.390467 0.00901466
26 5 -0.390467 0.00901466
27 5 -0.390467 0.00901466
28 5 -0.390467 0.00901466
29 5 -0.390467 0.00901466
30 5 -0.390467 0.00901466
31 5 -0.426134 0.00366655
32 5 -0.426134 0.00366655
33 5 -0.426134 0.00366655
34 5 -0.437164 0.00293298
35 5 -0.437164 0.00293298
36 5 -0.437164 0.00293298
37 5 -0.437164 0.00293298
38 5 -0.437164 0.00293298
39 5 -0.437164 0.00293298
40 5 -0.437164 0.00293298
41 5 -0.437164 0.00293298
42 5 -0.437164 0.00293298
43 5 -0.437164 0.00293298
44 5 -0.437164 0.00293298
45 5 -0.437164 0.00293298
46 5 -0.437164 0.00293298
47 5 -0.437164 0.00293298
48 5 -0.437164 0.00293298
49 5 -0.437164 0.00293298
50 5 -0.437164 0.00293298
51 5 -0.437164 0.00293298
52 5 -0.437164 0.00293298
53 5 -0.437164 0.00293298
54 5 -0.437164 0.00293298
55 5 -0.437164 0.00293298
56 5 -0.437164 0.00293298
57 5 -0.437164 0.00293298
58 5 -0.437164 0.00293298
59 5 -0.437164 0.00293298
60 5 -0.437164 0.00293298
61 5 -0.437164 0.00293298
62 5 -0.437164 0.00293298
63 5 -0.437164 0.00293298
64 5 -0.437164 0.00293298
65 5 -0.437164 0.00293298
66 5 -0.437164 0.00293298
67 5 -0.437164 0.00293298
68 5 -0.437164 0.00293298
69 5 -0.437164 0.00293298
70 5 -0.437164 0.00293298
71 5 -0.437164 0.00293298
72 5 -0.437164 0.00293298
73 5 -0.437164 0.00293298
74 5 -0.437164 0.00293298
75 5 -0.447289 0.00329589
76 5 -0.447289 0.00329589
77 5 -0.447289 0.00329589
78 5 -0.447289 0.00329589
79 5 -0.447289 0.00329589
80 5 -0.447289 0.00329589
81 5 -0.447289 0.00329589
82 5 -0.447289 0.00329589
83 5 -0.447289 0.00329589
84 5 -0.447289 0.00329589
85 5 -0.447289 0.00329589
86 5 -0.447289 0.00329589
87 5 -0.447289 0.00329589
88 5 -0.447289 0.00329589
89 5 -0.447289 0.00329589
90 5 -0.447289 0.00329589
91 5 -0.447289 0.00329589
92 5 -0.447289 0.00329589
93 5 -0.447289 0.00329589
94 5 -0.447289 0.00329589
95 5 -0.447289 0.00329589
96 5 -0.447289 0.00329589
97 5 -0.447289 0.00329589
98 5 -0.447289 0.00329589
99 5 -0.447289 0.00329589
100 5 -0.447289 0.00329589
101 5 -0.447289 0.00329589
102 5 -0.447289 0.00329589
103 5 -0.447289 0.00329589
104 5 -0.447289 0.00329589
105 5 -0.447289 0.00329589
106 5 -0.447289 0.00329589
107 5 -0.447289 0.00329589
108 5 -0.447289 0.00329589
109 5 -0.447289 0.00329589
110 5 -0.447289 0.00329589
111 5 -0.447289 0.00329589
112 5 -0.447289 0.00329589
113 5 -0.447289 0.00329589
114 5 -0.447289 0.00329589
115 5 -0.447289 0.00329589
116 5 -0.447289 0.00329589
117 5 -0.447289 0.00329589
118 5 -0.447289 0.00329589
119 5 -0.447289 0.00329589
120 5 -0.447289 0.00329589
121 9.125 -0.447289 0.00329589
122 9.125 -0.447289 0.00329589
123 9.125 -0.447289 0.00329589
124 9.125 -0.447289 0.00329589
125 9.125 -0.447289 0.00329589
126 9.125 -0.447289 0.00329589
127 9.125 -0.447289 0.00329589
128 9.125 -0.447289 0.00329589
129 9.125 -0.447289 0.00329589
130 9.125 -0.447289 0.00329589
131 9.125 -0.447289 0.00329589
132 9.125 -0.447289 0.00329589
133 9.125 -0.447289 0.00329589
134 9.125 -0.447289 0.00329589
135 9.125 -0.447289 0.00329589
136 9.125 -0.447289 0.00329589
137 9.125 -0.447289 0.00329589
138 9.125 -0.447289 0.00329589
139 9.125 -0.447289 0.00329589
140 9.125 -0.447289 0.00329589
141 9.125 -0.447289 0.00329589
142 9.125 -0.447289 0.00329589
143 9.125 -0.447289 0.00329589
144 9.125 -0.447289 0.00329589
145 9.125 -0.447289 0.00329589
146 9.125 -0.447289 0.00329589
147 9.125 -0.447289 0.00329589
148 9.125 -0.447289 0.00329589
149 9.125 -0.447289 0.00329589
150 9.125 -0.447289 0.00329589
151 9.125 -0.447289 0.00329589
152 9.125 -0.447289 0.00329589
153 9.125 -0.447289 0.00329589
154 9.125 -0.447289 0.00329589
155 9.125 -0.447289 0.00329589
156 9.125 -0.447289 0.00329589
157 9.125 -0.447289 0.00329589
158 9.125 -0.447289 0.00329589
159 9.125 -0.447289 0.00329589
160 9.125 -0.447289 0.00329589
161 9.125 -0.447289 0.00329589
162 9.125 -0.447289 0.00329589
163 9.125 -0.447289 0.00329589
164 9.125 -0.447289 0.00329589
165 9.125 -0.447289 0.00329589
166 9.125 -0.447289 0.00329589
167 9.125 -0.447289 0.00329589
168 9.125 -0.447289 0.00329589
169 9.125 -0.447289 0.00329589
170 9.125 -0.447289 0.00329589
171 9.125 -0.447289 0.00329589
172 9.125 -0.447289 0.00329589
173 9.125 -0.447289 0.00329589
174 9.125 -0.447289 0.00329589
175 9.125 -0.447289 0.00329589
176 9.125 -0.447289 0.00329589
177 9.125 -0.447289 0.00329589
178 9.125 -0.447289 0.00329589
179 9.125 -0.447289 0.00329589
180 9.125 -0.447289 0.00329589
181 9.125 -0.447289 0.00329589
182 9.125 -0.447289 0.00329589
183 9.125 -0.447289 0.00329589
184 9.125 -0.447289 0.00329589
185 9.125 -0.447289 0.00329589
186 9.125 -0.447289 0.00329589
187 9.125 -0.447289 0.00329589
188 9.125 -0.447289 0.00329589
189 9.125 -0.447289 0.00329589
190 9.125 -0.447289 0.00329589
191 9.125 -0.447289 0.00329589
192 9.125 -0.447289 0.00329589
193 9.125 -0.447289 0.00329589
194 9.125 -0.447289 0.00329589
195 9.125 -0.447289 0.00329589
196 9.125 -0.447289 0.00329589
197 9.125 -0.447289 0.00329589
198 9.125 -0.447289 0.00329589
199 9.125 -0.447289 0.00329589
200 9.125 -0.447289 0.00329589
201 9.125 -0.447289 0.00329589
202 9.125 -0.447289 0.00329589
203 9.125 -0.447289 0.00329589
204 9.125 -0.447289 0.00329589
205 9.125 -0.447289 0.00329589
206 9.125 -0.447289 0.00329589
207 9.125 -0.447289 0.00329589
208 9.125 -0.447289 0.00329589
209 9.125 -0.447289 0.00329589
210 9.125 -0.447289 0.00329589
211 9.125 -0.447289 0.00329589
212 9.125 -0.447289 0.00329589
213 9.125 -0.447289 0.00329589
214 9.125 -0.447289 0.00329589
215 9.125 -0.447289 0.00329589
216 9.125 -0.447289 0.00329589
217 9.125 -0.447289 0.00329589
218 9.125 -0.447289 0.00329589
219 9.125 -0.447289 0.00329589
220 9.125 -0.447289 0.00329589
221 9.125 -0.447289 0.00329589
222 9.125 -0.447289 0.00329589
223 9.125 -0.447289 0.00329589
224 9.125 -0.447289 0.00329589
225 9.125 -0.447289 0.00329589
226 9.125 -0.447289 0.00329589
227 9.125 -0.447289 0.00329589
228 9.125 -0.447289 0.00329589
229 9.125 -0.447289 0.00329589
230 9.125 -0.447289 0.00329589
231 9.125 -0.447289 0.00329589
232 9.125 -0.447289 0.00329589
233 9.125 -0.447289 0.00329589
234 9.125 -0.447289 0.00329589
235 9.125 -0.447289 0.00329589
236 9.125 -0.447289 0.00329589
237 9.125 -0.447289 0.00329589
238 9.125 -0.447289 0.00329589
239 9.125 -0.447289 0.00329589
240 9.125 -0.447289 0.00329589
241 13.25 -0.447289 0.00329589
242 13.25 -0.447289 0.00329589
243 13.25 -0.447289 0.00329589
244 13.25 -0.447289 0.00329589
245 13.25 -0.447289 0.00329589
246 13.25 -0.447289 0.00329589
247 13.25 -0.447289 0.00329589
248 13.25 -0.447289 0.00329589
249 13.25 -0.447289 0.00329589
250 13.25 -0.447289 0.00329589
251 13.25 -0.447289 0.00329589
252 13.25 -0.447289 0.00329589
253 13.25 -0.447289 0.00329589
254 13.25 -0.447289 0.00329589
255 13.25 -0.447289 0.00329589
256 13.25 -0.447289 0.00329589
257 13.25 -0.447289 0.00329589
258 13.25 -0.447289 0.00329589
259 13.25 -0.447289 0.00329589
260 13.25 -0.447289 0.00329589
261 13.25 -0.447289 0.00329589
262 13.25 -0.447289 0.00329589
263 13.25 -0.447289 0.00329589
264 13.25 -0.447289 0.00329589
265 13.25 -0.447289 0.00329589
266 13.25 -0.447289 0.00329589
267 13.25 -0.447289 0.00329589
268 13.25 -0.447289 0.00329589
269 13.25 -0.447289 0.00329589
270 13.25 -0.447289 0.00329589
271 13.25 -0.447289 0.00329589
272 13.25 -0.447289 0.00329589
273 13.25 -0.447289 0.00329589
274 13.25 -0.447289 0.00329589
275 13.25 -0.447289 0.00329589
276 13.25 -0.447289 0.00329589
277 13.25 -0.447289 0.00329589
278 13.25 -0.447289 0.00329589
279 13.25 -0.447289 0.00329589
280 13.25 -0.447289 0.00329589
281 13.25 -0.447289 0.00329589
282 13.25 -0.447289 0.00329589
283 13.25 -0.447289 0.00329589
284 13.25 -0.447289 0.00329589
285 13.25 -0.447289 0.00329589
286 13.25 -0.447289 0.00329589
287 13.25 -0.447289 0.00329589
288 13.25 -0.447289 0.00329589
289 13.25 -0.447289 0.00329589
290 13.25 -0.447289 0.00329589
291 13.25 -0.447289 0.00329589
292 13.25 -0.447289 0.00329589
293 13.25 -0.447289 0.00329589
294 13.25 -0.447289 0.00329589
295 13.25 -0.447289 0.00329589
296 13.25 -0.447289 0.00329589
297 13.25 -0.447289 0.00329589
298 13.25 -0.447289 0.00329589
299 13.25 -0.447289 0.00329589
300 13.25 -0.447289 0.00329589
301 13.25 -0.447289 0.00329589
302 13.25 -0.447289 0.00329589
303 13.25 -0.447289 0.00329589
304 13.25 -0.447289 0.00329589
305 13.25 -0.447289 0.00329589
306 13.25 -0.447289 0.00329589
307 13.25 -0.447289 0.00329589
308 13.25 -0.447289 0.00329589
309 13.25 -0.447289 0.00329589
310 13.25 -0.447289 0.00329589
311 13.25 -0.447289 0.00329589
312 13.25 -0.447289 0.00329589
313 13.25 -0.447289 0.00329589
314 13.25 -0.447289 0.00329589
315 13.25 -0.447289 0.00329589
316 13.25 -0.447289 0.00329589
317 13.25 -0.447289 0.00329589
318 13.25 -0.447289 0.00329589
319 13.25 -0.447289 0.00329589
320 13.25 -0.447289 0.00329589
321 13.25 -0.447289 0.00329589
322 13.25 -0.447289 0.00329589
323 13.25 -0.447289 0.00329589
324 13.25 -0.447289 0.00329589
325 13.25 -0.447289 0.00329589
326 13.25 -0.447289 0.00329589
327 13.25 -0.447289 0.00329589
328 13.25 -0.447289 0.00329589
329 13.25 -0.447289 0.00329589
330 13.25 -0.447289 0.00329589
331 13.25 -0.447289 0.00329589
332 13.25 -0.447289 0.00329589
333 13.25 -0.447289 0.00329589
334 13.25 -0.447289 0.00329589
335 13.25 -0.447289 0.00329589
336 13.25 -0.447289 0.00329589
337 13.25 -0.447289 0.00329589
338 13.25 -0.447289 0.00329589
339 13.25 -0.447289 0.00329589
340 13.25 -0.447289 0.00329589
341 13.25 -0.447289 0.00329589
342 13.25 -0.447289 0.00329589
343 13.25 -0.447289 0.00329589
344 13.25 -0.447289 0.00329589
345 13.25 -0.447289 0.00329589
346 13.25 -0.447289 0.00329589
347 13.25 -0.447289 0.00329589
348 13.25 -0.447289 0.00329589
349 13.25 -0.447289 0.00329589
350 13.25 -0.447289 0.00329589
351 13.25 -0.447289 0.00329589
352 13.25 -0.447289 0.00329589
353 13.25 -0.447289 0.00329589
354 13.25 -0.447289 0.00329589
355 13.25 -0.447289 0.00329589
356 13.25 -0.447289 0.00329589
357 13.25 -0.447289 0.00329589
358 13.25 -0.447289 0.00329589
359 13.25 -0.447289 0.00329589
360 13.25 -0.447289 0.00329589
361 17.375 -0.447289 0.00329589
362 17.375 -0.447289 0.00329589
363 17.375 -0.447289 0.00329589
364 17.375 -0.447289 0.00329589
365 17.375 -0.447289 0.00329589
366 17.375 -0.447289 0.00329589
367 17.375 -0.447289 0.00329589
368 17.375 -0.447289 0.00329589
369 17.375 -0.447289 0.00329589
370 17.375 -0.447289 0.00329589
371 17.375 -0.447289 0.00329589
372 17.375 -0.447289 0.00329589
373 17.375 -0.447289 0.00329589
374 17.375 -0.447289 0.00329589
375 17.375 -0.447289 0.00329589
376 17.375 -0.447289 0.00329589
377 17.375 -0.447289 0.00329589
378 17.375 -0.447289 0.00329589
379 17.375 -0.447289 0.00329589
380 17.375 -0.447289 0.00329589
381 17.375 -0.447289 0.00329589
382 17.375 -0.447289 0.00329589
383 17.375 -0.447289 0.00329589
384 17.375 -0.447289 0.00329589
385 17.375 -0.447289 0.00329589
386 17.375 -0.447289 0.00329589
387 17.375 -0.447289 0.00329589
388 17.375 -0.447289 0.00329589
389 17.375 -0.447289 0.00329589
390 17.375 -0.447289 0.00329589
391 17.375 -0.447289 0.00329589
392 17.375 -0.447289 0.00329589
393 17.375 -0.447289 0.00329589
394 17.375 -0.447289 0.00329589
395 17.375 -0.447289 0.00329589
396 17.375 -0.447289 0.00329589
397 17.375 -0.447289 0.00329589
398 17.375 -0.447289 0.00329589
399 17.375 -0.447289 0.00329589
400 17.375 -0.447289 0.00329589
401 17.375 -0.447289 0.00329589
402 17.375 -0.447289 0.00329589
403 17.375 -0.447289 0.00329589
404 17.375 -0.447289 0.00329589
405 17.375 -0.447289 0.00329589
406 17.375 -0.447289 0.00329589
407 17.375 -0.447289 0.00329589
408 17.375 -0.447289 0.00329589
409 17.375 -0.447289 0.00329589
410 17.375 -0.447289 0.00329589
411 17.375 -0.447289 0.00329589
412 17.375 -0.447289 0.00329589
413 17.375 -0.447289 0.00329589
414 17.375 -0.447289 0.00329589
415 17.375 -0.447289 0.00329589
416 17.375 -0.447289 0.00329589
417 17.375 -0.447289 0.00329589
418 17.375 -0.447289 0.00329589
419 17.375 -0.447289 0.00329589
420 17.375 -0.447289 0.00329589
421 17.375 -0.447289 0.00329589
422 17.375 -0.447289 0.00329589
423 17.375 -0.447289 0.00329589
424 17.375 -0.447289 0.00329589
425 17.375 -0.447289 0.00329589
426 17.375 -0.447289 0.00329589
427 17.375 -0.447289 0.00329589
428 17.375 -0.447289 0.00329589
429 17.375 -0.447289 0.00329589
430 17.375 -0.447289 0.00329589
431 17.375 -0.447289 0.00329589
432 17.375 -0.447289 0.00329589
433 17.375 -0.447289 0.00329589
434 17.375 -0.447289 0.00329589
435 17.375 -0.447289 0.00329589
436 17.375 -0.447289 0.00329589
437 17.375 -0.447289 0.00329589
438 17.375 -0.447289 0.00329589
439 17.375 -0.447289 0.00329589
440 17.375 -0.447289 0.00329589
441 17.375 -0.447289 0.00329589
442 17.375 -0.447289 0.00329589
443 17.375 -0.447289 0.00329589
444 17.375 -0.447289 0.00329589
445 17.375 -0.447289 0.00329589
446 17.375 -0.447289 0.00329589
447 17.375 -0.447289 0.00329589
448 17.375 -0.447289 0.00329589
449 17.375 -0.447289 0.00329589
450 17.375 -0.447289 0.00329589
451 17.375 -0.447289 0.00329589
452 17.375 -0.447289 0.00329589
453 17.375 -0.447289 0.00329589
454 17.375 -0.447289 0.00329589
455 17.375 -0.447289 0.00329589
456 17.375 -0.447289 0.00329589
457 17.375 -0.447289 0.00329589
458 17.375 -0.447289 0.00329589
459 17.375 -0.447289 0.00329589
460 17.375 -0.447289 0.00329589
461 17.375 -0.447289 0.00329589
462 17.375 -0.447289 0.00329589
463 17.375 -0.447289 0.00329589
464 17.375 -0.447289 0.00329589
465 17.375 -0.447289 0.00329589
466 17.375 -0.447289 0.00329589
467 17.375 -0.447289 0.00329589
468 17.375 -0.447289 0.00329589
469 17.375 -0.447289 0.00329589
470 17.375 -0.447289 0.00329589
471 17.375 -0.447289 0.00329589
472 17.375 -0.447289 0.00329589
473 17.375 -0.447289 0.00329589
474 17.375 -0.447289 0.00329589
475 17.375 -0.447289 0.00329589
476 17.375 -0.447289 0.00329589
477 17.375 -0.447289 0.00329589
478 17.375 -0.447289 0.00329589
479 17.375 -0.447289 0.00329589
480 17.375 -0.447289 0.00329589
481 21.5 -0.447289 0.00329589
482 21.5 -0.447289 0.00329589
483 21.5 -0.447289 0.00329589
484 21.5 -0.447289 0.00329589
485 21.5 -0.447289 0.00329589
486 21.5 -0.447289 0.00329589
487 21.5 -0.447289 0.00329589
488 21.5 -0.447289 0.00329589
489 21.5 -0.447289 0.00329589
490 21.5 -0.447289 0.00329589
491 21.5 -0.447289 0.00329589
492 21.5 -0.447289 0.00329589
493 21.5 -0.447289 0.00329589
494 21.5 -0.447289 0.00329589
495 21.5 -0.447289 0.00329589
496 21.5 -0.447289 0.00329589
497 21.5 -0.447289 0.00329589
498 21.5 -0.447289 0.00329589
499 21.5 -0.447289 0.00329589
500 21.5 -0.447289 0.00329589
501 21.5 -0.447289 0.00329589
502 21.5 -0.447289 0.00329589
503 21.5 -0.447289 0.00329589
504 21.5 -0.447289 0.00329589
505 21.5 -0.447289 0.00329589
506 21.5 -0.447289 0.00329589
507 21.5 -0.447289 0.00329589
508 21.5 -0.447289 0.00329589
509 21.5 -0.447289 0.00329589
510 21.5 -0.447289 0.00329589
511 21.5 -0.447289 0.00329589
512 21.5 -0.447289 0.00329589
513 21.5 -0.447289 0.00329589
514 21.5 -0.447289 0.00329589
515 21.5 -0.447289 0.00329589
516 21.5 -0.447289 0.00329589
517 21.5 -0.447289 0.00329589
518 21.5 -0.447289 0.00329589
519 21.5 -0.447289 0.00329589
520 21.5 -0.447289 0.00329589
521 21.5 -0.447289 0.00329589
522 21.5 -0.447289 0.00329589
523 21.5 -0.447289 0.00329589
524 21.5 -0.447289 0.00329589
525 21.5 -0.447289 0.00329589
526 21.5 -0.447289 0.00329589
527 21.5 -0.447289 0.00329589
528 21.5 -0.447289 0.00329589
529 21.5 -0.447289 0.00329589
530 21.5 -0.447289 0.00329589
531 21.5 -0.447289 0.00329589
532 21.5 -0.447289 0.00329589
533 21.5 -0.45059 0.00225419
534 21.5 -0.45059 0.00225419
535 21.5 -0.45059 0.00225419
536 21.5 -0.45059 0.00225419
537 21.5 -0.45059 0.00225419
538 21.5 -0.45059 0.00225419
539 21.5 -0.45059 0.00225419
540 21.5 -0.45059 0.00225419
541 21.5 -0.45059 0.00225419
542 21.5 -0.45059 0.00225419
543 21.5 -0.45059 0.00225419
544 21.5 -0.45059 0.00225419
545 21.5 -0.45059 0.00225419
546 21.5 -0.45059 0.00225419
547 21.5 -0.45059 0.00225419
548 21.5 -0.45059 0.00225419
549 21.5 -0.45059 0.00225419
550 21.5 -0.45059 0.00225419
551 21.5 -0.45059 0.00225419
552 21.5 -0.45059 0.00225419
553 21.5 -0.45059 0.00225419
554 21.5 -0.45059 0.00225419
555 21.5 -0.45059 0.00225419
556 21.5 -0.45059 0.00225419
557 21.5 -0.45059 0.00225419
558 21.5 -0.45059 0.00225419
559 21.5 -0.45059 0.00225419
560 21.5 -0.45059 0.00225419
561 21.5 -0.45059 0.00225419
562 21.5 -0.45059 0.00225419
563 21.5 -0.45059 0.00225419
564 21.5 -0.45059 0.00225419
565 21.5 -0.45059 0.00225419
566 21.5 -0.45059 0.00225419
567 21.5 -0.45059 0.00225419
568 21.5 -0.45059 0.00225419
569 21.5 -0.45059 0.00225419
570 21.5 -0.45059 0.00225419
571 21.5 -0.45059 0.00225419
572 21.5 -0.45059 0.00225419
573 21.5 -0.45059 0.00225419
574 21.5 -0.45059 0.00225419
575 21.5 -0.45059 0.00225419
576 21.5 -0.45059 0.00225419
577 21.5 -0.45059 0.00225419
578 21.5 -0.45059 0.00225419
579 21.5 -0.45059 0.00225419
580 21.5 -0.45059 0.00225419
581 21.5 -0.45059 0.00225419
582 21.5 -0.45059 0.00225419
583 21.5 -0.45059 0.00225419
584 21.5 -0.45059 0.00225419
585 21.5 -0.45059 0.00225419
586 21.5 -0.45059 0.00225419
587 21.5 -0.45059 0.00225419
588 21.5 -0.45059 0.00225419
589 21.5 -0.45059 0.00225419
590 21.5 -0.45059 0.00225419
591 21.5 -0.45059 0.00225419
592 21.5 -0.45059 0.00225419
593 21.5 -0.45059 0.00225419
594 21.5 -0.45059 0.00225419
595 21.5 -0.45059 0.00225419
596 21.5 -0.45059 0.00225419
597 21.5 -0.45059 0.00225419
598 21.5 -0.45059 0.00225419
599 21.5 -0.45059 0.00225419
600 21.5 -0.45059 0.00225419
601 25.625 -0.45059 0.00225419
602 25.625 -0.45059 0.00225419
603 25.625 -0.45059 0.00225419
604 25.625 -0.45059 0.00225419
605 25.625 -0.45059 0.00225419
606 25.625 -0.45059 0.00225419
607 25.625 -0.45059 0.00225419
608 25.625 -0.45059 0.00225419
609 25.625 -0.45059 0.00225419
610 25.625 -0.45059 0.00225419
611 25.625 -0.45059 0.00225419
612 25.625 -0.45059 0.00225419
613 25.625 -0.45059 0.00225419
614 25.625 -0.45059 0.00225419
615 25.625 -0.45059 0.00225419
616 25.625 -0.45059 0.00225419
617 25.625 -0.45059 0.00225419
618 25.625 -0.45059 0.00225419
619 25.625 -0.45059 0.00225419
620 25.625 -0.45059 0.00225419
621 25.625 -0.45059 0.00225419
622 25.625 -0.45059 0.00225419
623 25.625 -0.45059 0.00225419
624 25.625 -0.45059 0.00225419
625 25.625 -0.45059 0.00225419
626 25.625 -0.45059 0.00225419
627 25.625 -0.45059 0.00225419
628 25.625 -0.45059 0.00225419
629 25.625 -0.45059 0.00225419
630 25.625 -0.45059 0.00225419
631 25.625 -0.45059 0.00225419
632 25.625 -0.45059 0.00225419
633 25.625 -0.45059 0.00225419
634 25.625 -0.45059 0.00225419
635 25.625 -0.45059 0.00225419
636 25.625 -0.45059 0.00225419
637 25.625 -0.45059 0.00225419
638 25.625 -0.45059 0.00225419
639 25.625 -0.45059 0.00225419
640 25.625 -0.45059 0.00225419
641 25.625 -0.45059 0.00225419
642 25.625 -0.45059 0.00225419
643 25.625 -0.45059 0.00225419
644 25.625 -0.45059 0.00225419
645 25.625 -0.45059 0.00225419
646 25.625 -0.45059 0.00225419
647 25.625 -0.45059 0.00225419
648 25.625 -0.45059 0.00225419
649 25.625 -0.45059 0.00225419
650 25.625 -0.45059 0.00225419
651 25.625 -0.45059 0.00225419
652 25.625 -0.45059 0.00225419
653 25.625 -0.45059 0.00225419
654 25.625 -0.45059 0.00225419
655 25.625 -0.45059 0.00225419
656 25.625 -0.45059 0.00225419
657 25.625 -0.45059 0.00225419
658 25.625 -0.45059 0.00225419
659 25.625 -0.45059 0.00225419
660 25.625 -0.45059 0.00225419
661 25.625 -0.45059 0.00225419
662 25.625 -0.45059 0.00225419
663 25.625 -0.45059 0.00225419
664 25.625 -0.45059 0.00225419
665 25.625 -0.45059 0.00225419
666 25.625 -0.45059 0.00225419
667 25.625 -0.45059 0.00225419
668 25.625 -0.45059 0.00225419
669 25.625 -0.45059 0.00225419
670 25.625 -0.45059 0.00225419
671 25.625 -0.45059 0.00225419
672 25.625 -0.45059 0.00225419
673 25.625 -0.45059 0.00225419
674 25.625 -0.45059 0.00225419
675 25.625 -0.45059 0.00225419
676 25.625 -0.45059 0.00225419
677 25.625 -0.45059 0.00225419
678 25.625 -0.45059 0.00225419
679 25.625 -0.45059 0.00225419
680 25.625 -0.45059 0.00225419
681 25.625 -0.45059 0.00225419
682 25.625 -0.45059 0.00225419
683 25.625 -0.45059 0.00225419
684 25.625 -0.45059 0.00225419
685 25.625 -0.45059 0.00225419
686 25.625 -0.45059 0.00225419
687 25.625 -0.45059 0.00225419
688 25.625 -0.45059 0.00225419
689 25.625 -0.45059 0.00225419
690 25.625 -0.45059 0.00225419
691 25.625 -0.45059 0.00225419
692 25.625 -0.45059 0.00225419
693 25.625 -0.45059 0.00225419
694 25.625 -0.45059 0.00225419
695 25.625 -0.45059 0.00225419
696 25.625 -0.45059 0.00225419
697 25.625 -0.45059 0.00225419
698 25.625 -0.45059 0.00225419
699 25.625 -0.45059 0.00225419
700 25.625 -0.45059 0.00225419
701 25.625 -0.45059 0.00225419
702 25.625 -0.45059 0.00225419
703 25.625 -0.45059 0.00225419
704 25.625 -0.45059 0.00225419
705 25.625 -0.45059 0.00225419
706 25.625 -0.45059 0.00225419
707 25.625 -0.45059 0.00225419
708 25.625 -0.45059 0.00225419
709 25.625 -0.45059 0.00225419
710 25.625 -0.45059 0.00225419
711 25.625 -0.45059 0.00225419
712 25.625 -0.45059 0.00225419
713 25.625 -0.45059 0.00225419
714 25.625 -0.45059 0.00225419
715 25.625 -0.45059 0.00225419
716 25.625 -0.45059 0.00225419
717 25.625 -0.45059 0.00225419
718 25.625 -0.45059 0.00225419
719 25.625 -0.45059 0.00225419
720 25.625 -0.45059 0.00225419
721 29.75 -0.45059 0.00225419
722 29.75 -0.45059 0.00225419
723 29.75 -0.45059 0.00225419
724 29.75 -0.45059 0.00225419
725 29.75 -0.45059 0.00225419
726 29.75 -0.45059 0.00225419
727 29.75 -0.45059 0.00225419
728 29.75 -0.45059 0.00225419
729 29.75 -0.45059 0.00225419
730 29.75 -0.45059 0.00225419
731 29.75 -0.45059 0.00225419
732 29.75 -0.45059 0.00225419
733 29.75 -0.45059 0.00225419
734 29.75 -0.45059 0.00225419
735 29.75 -0.45059 0.00225419
736 29.75 -0.45059 0.00225419
737 29.75 -0.45059 0.00225419
738 29.75 -0.45059 0.00225419
739 29.75 -0.45059 0.00225419
740 29.75 -0.45059 0.00225419
741 29.75 -0.45059 0.00225419
742 29.75 -0.45059 0.00225419
743 29.75 -0.45059 0.00225419
744 29.75 -0.45059 0.00225419
745 29.75 -0.45059 0.00225419
746 29.75 -0.45059 0.00225419
747 29.75 -0.45059 0.00225419
748 29.75 -0.45059 0.00225419
749 29.75 -0.45059 0.00225419
750 29.75 -0.45059 0.00225419
751 29.75 -0.45059 0.00225419
752 29.75 -0.45059 0.00225419
753 29.75 -0.45059 0.00225419
754 29.75 -0.45059 0.00225419
755 29.75 -0.45059 0.00225419
756 29.75 -0.45059 0.00225419
757 29.75 -0.45059 0.00225419
758 29.75 -0.45059 0.00225419
759 29.75 -0.45059 0.00225419
760 29.75 -0.45059 0.00225419
761 29.75 -0.45059 0.00225419
762 29.75 -0.45059 0.00225419
763 29.75 -0.45059 0.00225419
764 29.75 -0.45059 0.00225419
765 29.75 -0.45059 0.00225419
766 29.75 -0.45059 0.00225419
767 29.75 -0.45059 0.00225419
768 29.75 -0.45059 0.00225419
769 29.75 -0.45059 0.00225419
770 29.75 -0.45059 0.00225419
771 29.75 -0.45059 0.00225419
772 29.75 -0.45059 0.00225419
773 29.75 -0.45059 0.00225419
774 29.75 -0.45059 0.00225419
775 29.75 -0.45059 0.00225419
776 29.75 -0.45059 0.00225419
777 29.75 -0.45059 0.00225419
778 29.75 -0.45059 0.00225419
779 29.75 -0.45059 0.00225419
780 29.75 -0.45059 0.00225419
781 29.75 -0.45059 0.00225419
782 29.75 -0.45059 0.00225419
783 29.75 -0.45059 0.00225419
784 29.75 -0.45059 0.00225419
785 29.75 -0.45059 0.00225419
786 29.75 -0.45059 0.00225419
787 29.75 -0.45059 0.00225419
788 29.75 -0.45059 0.00225419
789 29.75 -0.45059 0.00225419
790 29.75 -0.45059 0.00225419
791 29.75 -0.45059 0.00225419
792 29.75 -0.45059 0.00225419
793 29.75 -0.45059 0.00225419
794 29.75 -0.45059 0.00225419
795 29.75 -0.45059 0.00225419
796 29.75 -0.45059 0.00225419
797 29.75 -0.45059 0.00225419
798 29.75 -0.45059 0.00225419
799 29.75 -0.45059 0.00225419
800 29.75 -0.45059 0.00225419
801 29.75 -0.45059 0.00225419
802 29.75 -0.45059 0.00225419
803 29.75 -0.45059 0.00225419
804 29.75 -0.45059 0.00225419
805 29.75 -0.45059 0.00225419
806 29.75 -0.45059 0.00225419
807 29.75 -0.45059 0.00225419
808 29.75 -0.45059 0.00225419
809 29.75 -0.45059 0.00225419
810 29.75 -0.45059 0.00225419
811 29.75 -0.45059 0.00225419
812 29.75 -0.45059 0.00225419
813 29.75 -0.45059 0.00225419
814 29.75 -0.45059 0.00225419
815 29.75 -0.45059 0.00225419
816 29.75 -0.45059 0.00225419
817 29.75 -0.45059 0.00225419
818 29.75 -0.45059 0.00225419
819 29.75 -0.45059 0.00225419
820 29.75 -0.45059 0.00225419
821 29.75 -0.45059 0.00225419
822 29.75 -0.45059 0.00225419
823 29.75 -0.45059 0.00225419
824 29.75 -0.45059 0.00225419
825 29.75 -0.45059 0.00225419
826 29.75 -0.45059 0.00225419
827 29.75 -0.45059 0.00225419
828 29.75 -0.45059 0.00225419
829 29.75 -0.45059 0.00225419
830 29.75 -0.45059 0.00225419
831 29.75 -0.45059 0.00225419
832 29.75 -0.45059 0.00225419
833 29.75 -0.45059 0.00225419
834 29.75 -0.45059 0.00225419
835 29.75 -0.45059 0.00225419
836 29.75 -0.45059 0.00225419
837 29.75 -0.45059 0.00225419
838 29.75 -0.45059 0.00225419
839 29.75 -0.45059 0.00225419
840 29.75 -0.45059 0.00225419
841 33.875 -0.45059 0.00225419
842 33.875 -0.45059 0.00225419
843 33.875 -0.45059 0.00225419
844 33.875 -0.45059 0.00225419
845 33.875 -0.45059 0.00225419
846 33.875 -0.45059 0.00225419
847 33.875 -0.45059 0.00225419
848 33.875 -0.45059 0.00225419
849 33.875 -0.45059 0.00225419
850 33.875 -0.45059 0.00225419
851 33.875 -0.45059 0.00225419
852 33.875 -0.45059 0.00225419
853 33.875 -0.45059 0.00225419
854 33.875 -0.45059 0.00225419
855 33.875 -0.45059 0.00225419
856 33.875 -0.45059 0.00225419
857 33.875 -0.45059 0.00225419
858 33.875 -0.45059 0.00225419
859 33.875 -0.45059 0.00225419
860 33.875 -0.45059 0.00225419
861 33.875 -0.45059 0.00225419
862 33.875 -0.45059 0.00225419
863 33.875 -0.45059 0.00225419
864 33.875 -0.45059 0.00225419
865 33.875 -0.45059 0.00225419
866 33.875 -0.45059 0.00225419
867 33.875 -0.45059 0.00225419
868 33.875 -0.45059 0.00225419
869 33.875 -0.45059 0.00225419
870 33.875 -0.45059 0.00225419
871 33.875 -0.45059 0.00225419
872 33.875 -0.45059 0.00225419
873 33.875 -0.45059 0.00225419
874 33.875 -0.45059 0.00225419
875 33.875 -0.45059 0.00225419
876 33.875 -0.45059 0.00225419
877 33.875 -0.45059 0.00225419
878 33.875 -0.45059 0.00225419
879 33.875 -0.45059 0.00225419
880 33.875 -0.45059 0.00225419
881 33.875 -0.45059 0.00225419
882 33.875 -0.45059 0.00225419
883 33.875 -0.45059 0.00225419
884 33.875 -0.45059 0.00225419
885 33.875 -0.45059 0.00225419
886 33.875 -0.45059 0.00225419
887 33.875 -0.45059 0.00225419
888 33.875 -0.45059 0.00225419
889 33.875 -0.45059 0.00225419
890 33.875 -0.45059 0.00225419
891 33.875 -0.45059 0.00225419
892 33.875 -0.45059 0.00225419
893 33.875 -0.45059 0.00225419
894 33.875 -0.45059 0.00225419
895 33.875 -0.45059 0.00225419
896 33.875 -0.45059 0.00225419
897 33.875 -0.45059 0.00225419
898 33.875 -0.45059 0.00225419
899 33.875 -0.45059 0.00225419
900 33.875 -0.45059 0.00225419
901 33.875 -0.45059 0.00225419
902 33.875 -0.45059 0.00225419
903 33.875 -0.45059 0.00225419
904 33.875 -0.45059 0.00225419
905 33.875 -0.45059 0.00225419
906 33.875 -0.45059 0.00225419
907 33.875 -0.45059 0.00225419
908 33.875 -0.45059 0.00225419
909 33.875 -0.45059 0.00225419
910 33.875 -0.45059 0.00225419
911 33.875 -0.45059 0.00225419
912 33.875 -0.45059 0.00225419
913 33.875 -0.45059 0.00225419
914 33.875 -0.45059 0.00225419
915 33.875 -0.45059 0.00225419
916 33.875 -0.45059 0.00225419
917 33.875 -0.45059 0.00225419
918 33.875 -0.45059 0.00225419
919 33.875 -0.45059 0.00225419
920 33.875 -0.45059 0.00225419
921 33.875 -0.45059 0.00225419
922 33.875 -0.45059 0.00225419
923 33.875 -0.45059 0.00225419
924 33.875 -0.45059 0.00225419
925 33.875 -0.45059 0.00225419
926 33.875 -0.45059 0.00225419
927 33.875 -0.45059 0.00225419
928 33.875 -0.45059 0.00225419
929 33.875 -0.45059 0.00225419
930 33.875 -0.45059 0.00225419
931 33.875 -0.45059 0.00225419
932 33.875 -0.45059 0.00225419
933 33.875 -0.45059 0.00225419
934 33.875 -0.45059 0.00225419
935 33.875 -0.45059 0.00225419
936 33.875 -0.45059 0.00225419
937 33.875 -0.45059 0.00225419
938 33.875 -0.45059 0.00225419
939 33.875 -0.45059 0.00225419
940 33.875 -0.45059 0.00225419
941 33.875 -0.45059 0.00225419
942 33.875 -0.45059 0.00225419
943 33.875 -0.45059 0.00225419
944 33.875 -0.45059 0.00225419
945 33.875 -0.45059 0.00225419
946 33.875 -0.45059 0.00225419
947 33.875 -0.45059 0.00225419
948 33.875 -0.45059 0.00225419
949 33.875 -0.45059 0.00225419
950 33.875 -0.45059 0.00225419
951 33.875 -0.45059 0.00225419
952 33.875 -0.45059 0.00225419
953 33.875 -0.45059 0.00225419
954 33.875 -0.45059 0.00225419
955 33.875 -0.45059 0.00225419
956 33.875 -0.45059 0.00225419
957 33.875 -0.45059 0.00225419
958 33.875 -0.45059 0.00225419
959 33.875 -0.45059 0.00225419
960 33.875 -0.45059 0.00225419
961 38 -0.45059 0.00225419
962 38 -0.45059 0.00225419
963 38 -0.45059 0.00225419
964 38 -0.45059 0.00225419
965 38 -0.45059 0.00225419
966 38 -0.45059 0.00225419
967 38 -0.45059 0.00225419
968 38 -0.45059 0.00225419
969 38 -0.45059 0.00225419
970 38 -0.45059 0.00225419
971 38 -0.45059 0.00225419
972 38 -0.45059 0.00225419
973 38 -0.45059 0.00225419
974 38 -0.45059 0.00225419
975 38 -0.45059 0.00225419
976 38 -0.45059 0.00225419
977 38 -0.45059 0.00225419
978 38 -0.45059 0.00225419
979 38 -0.45059 0.00225419
980 38 -0.45059 0.00225419
981 38 -0.45059 0.00225419
982 38 -0.45059 0.00225419
983 38 -0.45059 0.00225419
984 38 -0.45059 0.00225419
985 38 -0.45059 0.00225419
986 38 -0.45059 0.00225419
987 38 -0.45059 0.00225419
988 38 -0.45059 0.00225419
989 38 -0.45059 0.00225419
990 38 -0.45059 0.00225419
991 38 -0.45059 0.00225419
992 38 -0.45059 0.00225419
993 38 -0.45059 0.00225419
994 38 -0.45059 0.00225419
995 38 -0.45059 0.00225419
996 38 -0.45059 0.00225419
997 38 -0.45059 0.00225419
998 38 -0.45059 0.00225419
999 38 -0.45059 0.00225419
1000 38 -0.45059 0.00225419
1001 38 -0.45059 0.00225419
1002 38 -0.45059 0.00225419
1003 38 -0.45059 0.00225419
1004 38 -0.45059 0.00225419
1005 38 -0.45059 0.00225419
1006 38 -0.45059 0.00225419
1007 38 -0.45059 0.00225419
1008 38 -0.45059 0.00225419
1009 38 -0.45059 0.00225419
1010 38 -0.45059 0.00225419
1011 38 -0.45059 0.00225419
1012 38 -0.45059 0.00225419
1013 38 -0.45059 0.00225419
1014 38 -0.45059 0.00225419
1015 38 -0.45059 0.00225419
1016 38 -0.45059 0.00225419
1017 38 -0.45059 0.00225419
1018 38 -0.45059 0.00225419
1019 38 -0.45059 0.00225419
1020 38 -0.45059 0.00225419
1021 38 -0.45059 0.00225419
1022 38 -0.45059 0.00225419
1023 38 -0.45059 0.00225419
1024 38 -0.45059 0.00225419
1025 38 -0.45059 0.00225419
1026 38 -0.45059 0.00225419
1027 38 -0.45059 0.00225419
1028 38 -0.45059 0.00225419
1029 38 -0.45059 0.00225419
1030 38 -0.45059 0.00225419
1031 38 -0.45059 0.00225419
1032 38 -0.45059 0.00225419
1033 38 -0.45059 0.00225419
1034 38 -0.45059 0.00225419
1035 38 -0.45059 0.00225419
1036 38 -0.45059 0.00225419
1037 38 -0.45059 0.00225419
1038 38 -0.45059 0.00225419
1039 38 -0.45059 0.00225419
1040 38 -0.45059 0.00225419
1041 38 -0.45059 0.00225419
1042 38 -0.45059 0.00225419
1043 38 -0.45059 0.00225419
1044 38 -0.45059 0.00225419
1045 38 -0.45059 0.00225419
1046 38 -0.45059 0.00225419
1047 38 -0.45059 0.00225419
1048 38 -0.45059 0.00225419
1049 38 -0.45059 0.00225419
1050 38 -0.45059 0.00225419
1051 38 -0.45059 0.00225419
1052 38 -0.45059 0.00225419
1053 38 -0.45059 0.00225419
1054 38 -0.45059 0.00225419
1055 38 -0.45059 0.00225419
1056 38 -0.45059 0.00225419
1057 38 -0.45059 0.00225419
1058 38 -0.45059 0.00225419
1059 38 -0.45059 0.00225419
1060 38 -0.45059 0.00225419
1061 38 -0.45059 0.00225419
1062 38 -0.45059 0.00225419
1063 38 -0.45059 0.00225419
1064 38 -0.45059 0.00225419
1065 38 -0.45059 0.00225419
1066 38 -0.45059 0.00225419
1067 38 -0.45059 0.00225419
1068 38 -0.45059 0.00225419
1069 38 -0.45059 0.00225419
1070 38 -0.45059 0.00225419
1071 38 -0.45059 0.00225419
1072 38 -0.45059 0.00225419
1073 38 -0.45059 0.00225419
1074 38 -0.45059 0.00225419
1075 38 -0.45059 0.00225419
1076 38 -0.45059 0.00225419
1077 38 -0.45059 0.00225419
1078 38 -0.45059 0.00225419
1079 38 -0.45059 0.00225419
1080 38 -0.45059 0.00225419
1081 42.125 -0.45059 0.00225419
1082 42.125 -0.45059 0.00225419
1083 42.125 -0.45059 0.00225419
1084 42.125 -0.45059 0.00225419
1085 42.125 -0.45059 0.00225419
1086 42.125 -0.45059 0.00225419
1087 42.125 -0.45059 0.00225419
1088 42.125 -0.45059 0.00225419
1089 42.125 -0.45059 0.00225419
1090 42.125 -0.45059 0.00225419
1091 42.125 -0.45059 0.00225419
1092 42.125 -0.45059 0.00225419
1093 42.125 -0.45059 0.00225419
1094 42.125 -0.45059 0.00225419
1095 42.125 -0.45059 0.00225419
1096 42.125 -0.45059 0.00225419
1097 42.125 -0.45059 0.00225419
1098 42.125 -0.45059 0.00225419
1099 42.125 -0.45059 0.00225419
1100 42.125 -0.45059 0.00225419
1101 42.125 -0.45059 0.00225419
1102 42.125 -0.45059 0.00225419
1103 42.125 -0.45059 0.00225419
1104 42.125 -0.45059 0.00225419
1105 42.125 -0.45059 0.00225419
1106 42.125 -0.45059 0.00225419
1107 42.125 -0.45059 0.00225419
1108 42.125 -0.45059 0.00225419
1109 42.125 -0.45059 0.00225419
1110 42.125 -0.45059 0.00225419
1111 42.125 -0.45059 0.00225419
1112 42.125 -0.45059 0.00225419
1113 42.125 -0.45059 0.00225419
1114 42.125 -0.45059 0.00225419
1115 42.125 -0.45059 0.00225419
1116 42.125 -0.45059 0.00225419
1117 42.125 -0.45059 0.00225419
1118 42.125 -0.45059 0.00225419
1119 42.125 -0.45059 0.00225419
1120 42.125 -0.45059 0.00225419
1121 42.125 -0.45059 0.00225419
1122 42.125 -0.45059 0.00225419
1123 42.125 -0.45059 0.00225419
1124 42.125 -0.45059 0.00225419
1125 42.125 -0.45059 0.00225419
1126 42.125 -0.45059 0.00225419
1127 42.125 -0.45059 0.00225419
1128 42.125 -0.45059 0.00225419
1129 42.125 -0.45059 0.00225419
1130 42.125 -0.45059 0.00225419
1131 42.125 -0.45059 0.00225419
1132 42.125 -0.45059 0.00225419
1133 42.125 -0.45059 0.00225419
1134 42.125 -0.45059 0.00225419
1135 42.125 -0.45059 0.00225419
1136 42.125 -0.45059 0.00225419
1137 42.125 -0.45059 0.00225419
1138 42.125 -0.45059 0.00225419
1139 42.125 -0.45059 0.00225419
1140 42.125 -0.45059 0.00225419
1141 42.125 -0.45059 0.00225419
1142 42.125 -0.45059 0.00225419
1143 42.125 -0.45059 0.00225419
1144 42.125 -0.45059 0.00225419
1145 42.125 -0.45059 0.00225419
1146 42.125 -0.45059 0.00225419
1147 42.125 -0.45059 0.00225419
1148 42.125 -0.45059 0.00225419
1149 42.125 -0.45059 0.00225419
1150 42.125 -0.45059 0.00225419
1151 42.125 -0.45059 0.00225419
1152 42.125 -0.45059 0.00225419
1153 42.125 -0.45059 0.00225419
1154 42.125 -0.45059 0.00225419
1155 42.125 -0.45059 0.00225419
1156 42.125 -0.45059 0.00225419
1157 42.125 -0.45059 0.00225419
1158 42.125 -0.45059 0.00225419
1159 42.125 -0.45059 0.00225419
1160 42.125 -0.45059 0.00225419
1161 42.125 -0.45059 0.00225419
1162 42.125 -0.45059 0.00225419
1163 42.125 -0.45059 0.00225419
1164 42.125 -0.45059 0.00225419
1165 42.125 -0.45059 0.00225419
1166 42.125 -0.45059 0.00225419
1167 42.125 -0.45059 0.00225419
1168 42.125 -0.45059 0.00225419
1169 42.125 -0.45059 0.00225419
1170 42.125 -0.45059 0.00225419
1171 42.125 -0.45059 0.00225419
1172 42.125 -0.45059 0.00225419
1173 42.125 -0.45059 0.00225419
1174 42.125 -0.45059 0.00225419
1175 42.125 -0.45059 0.00225419
1176 42.125 -0.45059 0.00225419
1177 42.125 -0.45059 0.00225419
1178 42.125 -0.45059 0.00225419
1179 42.125 -0.45059 0.00225419
1180 42.125 -0.45059 0.00225419
1181 42.125 -0.45059 0.00225419
1182 42.125 -0.45059 0.00225419
1183 42.125 -0.45059 0.00225419
1184 42.125 -0.45059 0.00225419
1185 42.125 -0.45059 0.00225419
1186 42.125 -0.45059 0.00225419
1187 42.125 -0.45059 0.00225419
1188 42.125 -0.45059 0.00225419
1189 42.125 -0.45059 0.00225419
1190 42.125 -0.45059 0.00225419
1191 42.125 -0.45059 0.00225419
1192 42.125 -0.45059 0.00225419
1193 42.125 -0.45059 0.00225419
1194 42.125 -0.45059 0.00225419
1195 42.125 -0.45059 0.00225419
1196 42.125 -0.45059 0.00225419
1197 42.125 -0.45059 0.00225419
1198 42.125 -0.45059 0.00225419
1199 42.125 -0.45059 0.00225419
1200 42.125 -0.45059 0.00225419
1201 46.25 -0.45059 0.00225419
1202 46.25 -0.45059 0.00225419
1203 46.25 -0.45059 0.00225419
1204 46.25 -0.45059 0.00225419
1205 46.25 -0.45059 0.00225419
1206 46.25 -0.45059 0.00225419
1207 46.25 -0.45059 0.00225419
1208 46.25 -0.45059 0.00225419
1209 46.25 -0.45059 0.00225419
1210 46.25 -0.45059 0.00225419
1211 46.25 -0.45059 0.00225419
1212 46.25 -0.45059 0.00225419
1213 46.25 -0.45059 0.00225419
1214 46.25 -0.45059 0.00225419
1215 46.25 -0.45059 0.00225419
1216 46.25 -0.45059 0.00225419
1217 46.25 -0.45059 0.00225419
1218 46.25 -0.45059 0.00225419
1219 46.25 -0.45059 0.00225419
1220 46.25 -0.45059 0.00225419
1221 46.25 -0.45059 0.00225419
1222 46.25 -0.45059 0.00225419
1223 46.25 -0.45059 0.00225419
1224 46.25 -0.45059 0.00225419
1225 46.25 -0.45059 0.00225419
1226 46.25 -0.45059 0.00225419
1227 46.25 -0.45059 0.00225419
1228 46.25 -0.45059 0.00225419
1229 46.25 -0.45059 0.00225419
1230 46.25 -0.45059 0.00225419
1231 46.25 -0.45059 0.00225419
1232 46.25 -0.45059 0.00225419
1233 46.25 -0.45059 0.00225419
1234 46.25 -0.45059 0.00225419
1235 46.25 -0.45059 0.00225419
1236 46.25 -0.45059 0.00225419
1237 46.25 -0.45059 0.00225419
1238 46.25 -0.45059 0.00225419
1239 46.25 -0.45059 0.00225419
1240 46.25 -0.45059 0.00225419
1241 46.25 -0.45059 0.00225419
1242 46.25 -0.45059 0.00225419
1243 46.25 -0.45059 0.00225419
1244 46.25 -0.45059 0.00225419
1245 46.25 -0.45059 0.00225419
1246 46.25 -0.45059 0.00225419
1247 46.25 -0.45059 0.00225419
1248 46.25 -0.45059 0.00225419
1249 46.25 -0.45059 0.00225419
1250 46.25 -0.45059 0.00225419
1251 46.25 -0.45059 0.00225419
1252 46.25 -0.45059 0.00225419
1253 46.25 -0.45059 0.00225419
1254 46.25 -0.45059 0.00225419
1255 46.25 -0.45059 0.00225419
1256 46.25 -0.45059 0.00225419
1257 46.25 -0.45059 0.00225419
1258 46.25 -0.45059 0.00225419
1259 46.25 -0.45059 0.00225419
1260 46.25 -0.45059 0.00225419
1261 46.25 -0.45059 0.00225419
1262 46.25 -0.45059 0.00225419
1263 46.25 -0.45059 0.00225419
1264 46.25 -0.45059 0.00225419
1265 46.25 -0.45059 0.00225419
1266 46.25 -0.45059 0.00225419
1267 46.25 -0.45059 0.00225419
1268 46.25 -0.45059 0.00225419
1269 46.25 -0.45059 0.00225419
1270 46.25 -0.45059 0.00225419
1271 46.25 -0.45059 0.00225419
1272 46.25 -0.45059 0.00225419
1273 46.25 -0.45059 0.00225419
1274 46.25 -0.45059 0.00225419
1275 46.25 -0.45059 0.00225419
1276 46.25 -0.45059 0.00225419
1277 46.25 -0.45059 0.00225419
1278 46.25 -0.45059 0.00225419
1279 46.25 -0.45059 0.00225419
1280 46.25 -0.45059 0.00225419
1281 46.25 -0.45059 0.00225419
1282 46.25 -0.45059 0.00225419
1283 46.25 -0.45059 0.00225419
1284 46.25 -0.45059 0.00225419
1285 46.25 -0.45059 0.00225419
1286 46.25 -0.45059 0.00225419
1287 46.25 -0.45059 0.00225419
1288 46.25 -0.45059 0.00225419
1289 46.25 -0.45059 0.00225419
1290 46.25 -0.45059 0.00225419
1291 46.25 -0.45059 0.00225419
1292 46.25 -0.45059 0.00225419
1293 46.25 -0.45059 0.00225419
1294 46.25 -0.45059 0.00225419
1295 46.25 -0.45059 0.00225419
1296 46.25 -0.45059 0.00225419
1297 46.25 -0.45059 0.00225419
1298 46.25 -0.45059 0.00225419
1299 46.25 -0.45059 0.00225419
1300 46.25 -0.45059 0.00225419
1301 46.25 -0.45059 0.00225419
1302 46.25 -0.45059 0.00225419
1303 46.25 -0.45059 0.00225419
1304 46.25 -0.45059 0.00225419
1305 46.25 -0.45059 0.00225419
1306 46.25 -0.45059 0.00225419
1307 46.25 -0.45059 0.00225419
1308 46.25 -0.45059 0.00225419
1309 46.25 -0.45059 0.00225419
1310 46.25 -0.45059 0.00225419
1311 46.25 -0.45059 0.00225419
1312 46.25 -0.45059 0.00225419
1313 46.25 -0.45059 0.00225419
1314 46.25 -0.45059 0.00225419
1315 46.25 -0.45059 0.00225419
1316 46.25 -0.45059 0.00225419
1317 46.25 -0.45059 0.00225419
1318 46.25 -0.45059 0.00225419
1319 46.25 -0.45059 0.00225419
1320 46.25 -0.45059 0.00225419
1321 50.375 -0.45059 0.00225419
1322 50.375 -0.45059 0.00225419
1323 50.375 -0.45059 0.00225419
1324 50.375 -0.45059 0.00225419
1325 50.375 -0.45059 0.00225419
1326 50.375 -0.45059 0.00225419
1327 50.375 -0.45059 0.00225419
1328 50.375 -0.45059 0.00225419
1329 50.375 -0.45059 0.00225419
1330 50.375 -0.45059 0.00225419
1331 50.375 -0.45059 0.00225419
1332 50.375 -0.45059 0.00225419
1333 50.375 -0.45059 0.00225419
1334 50.375 -0.45059 0.00225419
1335 50.375 -0.45059 0.00225419
1336 50.375 -0.45059 0.00225419
1337 50.375 -0.45059 0.00225419
1338 50.375 -0.45059 0.00225419
1339 50.375 -0.45059 0.00225419
1340 50.375 -0.45059 0.00225419
1341 50.375 -0.45059 0.00225419
1342 50.375 -0.45059 0.00225419
1343 50.375 -0.45059 0.00225419
1344 50.375 -0.45059 0.00225419
1345 50.375 -0.45059 0.00225419
1346 50.375 -0.45059 0.00225419
1347 50.375 -0.45059 0.00225419
1348 50.375 -0.45059 0.00225419
1349 50.375 -0.45059 0.00225419
1350 50.375 -0.45059 0.00225419
1351 50.375 -0.45059 0.00225419
1352 50.375 -0.45059 0.00225419
1353 50.375 -0.45059 0.00225419
1354 50.375 -0.45059 0.00225419
1355 50.375 -0.45059 0.00225419
1356 50.375 -0.45059 0.00225419
1357 50.375 -0.45059 0.00225419
1358 50.375 -0.45059 0.00225419
1359 50.375 -0.45059 0.00225419
1360 50.375 -0.45059 0.00225419
1361 50.375 -0.45059 0.00225419
1362 50.375 -0.45059 0.00225419
1363 50.375 -0.45059 0.00225419
1364 50.375 -0.45059 0.00225419
1365 50.375 -0.45059 0.00225419
1366 50.375 -0.45059 0.00225419
1367 50.375 -0.45059 0.00225419
1368 50.375 -0.45059 0.00225419
1369 50.375 -0.45059 0.00225419
1370 50.375 -0.45059 0.00225419
1371 50.375 -0.45059 0.00225419
1372 50.375 -0.45059 0.00225419
1373 50.375 -0.45059 0.00225419
1374 50.375 -0.45059 0.00225419
1375 50.375 -0.45059 0.00225419
1376 50.375 -0.45059 0.00225419
1377 50.375 -0.45059 0.00225419
1378 50.375 -0.45059 0.00225419
1379 50.375 -0.45059 0.00225419
1380 50.375 -0.45059 0.00225419
1381 50.375 -0.45059 0.00225419
1382 50.375 -0.45059 0.00225419
1383 50.375 -0.45059 0.00225419
1384 50.375 -0.45059 0.00225419
1385 50.375 -0.45059 0.00225419
1386 50.375 -0.45059 0.00225419
1387 50.375 -0.45059 0.00225419
1388 50.375 -0.45059 0.00225419
1389 50.375 -0.45059 0.00225419
1390 50.375 -0.45059 0.00225419
1391 50.375 -0.45059 0.00225419
1392 50.375 -0.45059 0.00225419
1393 50.375 -0.45059 0.00225419
1394 50.375 -0.45059 0.00225419
1395 50.375 -0.45059 0.00225419
1396 50.375 -0.45059 0.00225419
1397 50.375 -0.45059 0.00225419
1398 50.375 -0.45059 0.00225419
1399 50.375 -0.45059 0.00225419
1400 50.375 -0.45059 0.00225419
1401 50.375 -0.45059 0.00225419
1402 50.375 -0.45059 0.00225419
1403 50.375 -0.45059 0.00225419
1404 50.375 -0.45059 0.00225419
1405 50.375 -0.45059 0.00225419
1406 50.375 -0.45059 0.00225419
1407 50.375 -0.45059 0.00225419
1408 50.375 -0.45059 0.00225419
1409 50.375 -0.45059 0.00225419
1410 50.375 -0.45059 0.00225419
1411 50.375 -0.45059 0.00225419
1412 50.375 -0.45059 0.00225419
1413 50.375 -0.45059 0.00225419
1414 50.375 -0.45059 0.00225419
1415 50.375 -0.45059 0.00225419
1416 50.375 -0.45059 0.00225419
1417 50.375 -0.45059 0.00225419
1418 50.375 -0.45059 0.00225419
1419 50.375 -0.45059 0.00225419
1420 50.375 -0.45059 0.00225419
1421 50.375 -0.45059 0.00225419
1422 50.375 -0.45059 0.00225419
1423 50.375 -0.45059 0.00225419
1424 50.375 -0.45059 0.00225419
1425 50.375 -0.45059 0.00225419
1426 50.375 -0.45059 0.00225419
1427 50.375 -0.45059 0.00225419
1428 50.375 -0.45059 0.00225419
1429 50.375 -0.45059 0.00225419
1430 50.375 -0.45059 0.00225419
1431 50.375 -0.45059 0.00225419
1432 50.375 -0.45059 0.00225419
1433 50.375 -0.45059 0.00225419
1434 50.375 -0.45059 0.00225419
1435 50.375 -0.45059 0.00225419
1436 50.375 -0.45059 0.00225419
1437 50.375 -0.45059 0.00225419
1438 50.375 -0.45059 0.00225419
1439 50.375 -0.45059 0.00225419
1440 50.375 -0.45059 0.00225419
1441 54.5 -0.45059 0.00225419
1442 54.5 -0.45059 0.00225419
1443 54.5 -0.45059 0.00225419
1444 54.5 -0.45059 0.00225419
1445 54.5 -0.45059 0.00225419
1446 54.5 -0.45059 0.00225419
1447 54.5 -0.45059 0.00225419
1448 54.5 -0.45059 0.00225419
1449 54.5 -0.45059 0.00225419
1450 54.5 -0.45059 0.00225419
1451 54.5 -0.45059 0.00225419
1452 54.5 -0.45059 0.00225419
1453 54.5 -0.45059 0.00225419
1454 54.5 -0.45059 0.00225419
1455 54.5 -0.45059 0.00225419
1456 54.5 -0.45059 0.00225419
1457 54.5 -0.45059 0.00225419
1458 54.5 -0.45059 0.00225419
1459 54.5 -0.45059 0.00225419
1460 54.5 -0.45059 0.00225419
1461 54.5 -0.45059 0.00225419
1462 54.5 -0.45059 0.00225419
1463 54.5 -0.45059 0.00225419
1464 54.5 -0.45059 0.00225419
1465 54.5 -0.45059 0.00225419
1466 54.5 -0.45059 0.00225419
1467 54.5 -0.45059 0.00225419
1468 54.5 -0.45059 0.00225419
1469 54.5 -0.45059 0.00225419
1470 54.5 -0.45059 0.00225419
1471 54.5 -0.45059 0.00225419
1472 54.5 -0.45059 0.00225419
1473 54.5 -0.45059 0.00225419
1474 54.5 -0.45059 0.00225419
1475 54.5 -0.45059 0.00225419
1476 54.5 -0.45059 0.00225419
1477 54.5 -0.45059 0.00225419
1478 54.5 -0.45059 0.00225419
1479 54.5 -0.45059 0.00225419
1480 54.5 -0.45059 0.00225419
1481 54.5 -0.45059 0.00225419
1482 54.5 -0.45059 0.00225419
1483 54.5 -0.45059 0.00225419
1484 54.5 -0.45059 0.00225419
1485 54.5 -0.45059 0.00225419
1486 54.5 -0.45059 0.00225419
1487 54.5 -0.45059 0.00225419
1488 54.5 -0.45059 0.00225419
1489 54.5 -0.45059 0.00225419
1490 54.5 -0.45059 0.00225419
1491 54.5 -0.45059 0.00225419
1492 54.5 -0.45059 0.00225419
1493 54.5 -0.45059 0.00225419
1494 54.5 -0.45059 0.00225419
1495 54.5 -0.45059 0.00225419
1496 54.5 -0.45059 0.00225419
1497 54.5 -0.45059 0.00225419
1498 54.5 -0.45059 0.00225419
1499 54.5 -0.45059 0.00225419
1500 54.5 -0.45059 0.00225419
1501 54.5 -0.45059 0.00225419
1502 54.5 -0.45059 0.00225419
1503 54.5 -0.45059 0.00225419
1504 54.5 -0.45059 0.00225419
1505 54.5 -0.45059 0.00225419
1506 54.5 -0.45059 0.00225419
1507 54.5 -0.45059 0.00225419
1508 54.5 -0.45059 0.00225419
1509 54.5 -0.45059 0.00225419
1510 54.5 -0.45059 0.00225419
1511 54.5 -0.45059 0.00225419
1512 54.5 -0.45059 0.00225419
1513 54.5 -0.45059 0.00225419
1514 54.5 -0.45059 0.00225419
1515 54.5 -0.45059 0.00225419
1516 54.5 -0.45059 0.00225419
1517 54.5 -0.45059 0.00225419
1518 54.5 -0.45059 0.00225419
1519 54.5 -0.45059 0.00225419
1520 54.5 -0.45059 0.00225419
1521 54.5 -0.45059 0.00225419
1522 54.5 -0.45059 0.00225419
1523 54.5 -0.45059 0.00225419
1524 54.5 -0.45059 0.00225419
1525 54.5 -0.45059 0.00225419
1526 54.5 -0.45059 0.00225419
1527 54.5 -0.45059 0.00225419
1528 54.5 -0.45059 0.00225419
1529 54.5 -0.45059 0.00225419
1530 54.5 -0.45059 0.00225419
1531 54.5 -0.45059 0.00225419
1532 54.5 -0.45059 0.00225419
1533 54.5 -0.45059 0.00225419
1534 54.5 -0.45059 0.00225419
1535 54.5 -0.45059 0.00225419
1536 54.5 -0.45059 0.00225419
1537 54.5 -0.45059 0.00225419
1538 54.5 -0.45059 0.00225419
1539 54.5 -0.45059 0.00225419
1540 54.5 -0.45059 0.00225419
1541 54.5 -0.45059 0.00225419
1542 54.5 -0.45059 0.00225419
1543 54.5 -0.45059 0.00225419
1544 54.5 -0.45059 0.00225419
1545 54.5 -0.45059 0.00225419
1546 54.5 -0.45059 0.00225419
1547 54.5 -0.45059 0.00225419
1548 54.5 -0.45059 0.00225419
1549 54.5 -0.45059 0.00225419
1550 54.5 -0.45059 0.00225419
1551 54.5 -0.45059 0.00225419
1552 54.5 -0.45059 0.00225419
1553 54.5 -0.45059 0.00225419
1554 54.5 -0.45059 0.00225419
1555 54.5 -0.45059 0.00225419
1556 54.5 -0.45059 0.00225419
1557 54.5 -0.45059 0.00225419
1558 54.5 -0.45059 0.00225419
1559 54.5 -0.45059 0.00225419
1560 54.5 -0.45059 0.00225419
1561 58.625 -0.45059 0.00225419
1562 58.625 -0.45059 0.00225419
1563 58.625 -0.45059 0.00225419
1564 58.625 -0.45059 0.00225419
1565 58.625 -0.45059 0.00225419
1566 58.625 -0.45059 0.00225419
1567 58.625 -0.45059 0.00225419
1568 58.625 -0.45059 0.00225419
1569 58.625 -0.45059 0.00225419
1570 58.625 -0.45059 0.00225419
1571 58.625 -0.45059 0.00225419
1572 58.625 -0.45059 0.00225419
1573 58.625 -0.45059 0.00225419
1574 58.625 -0.45059 0.00225419
1575 58.625 -0.45059 0.00225419
1576 58.625 -0.45059 0.00225419
1577 58.625 -0.45059 0.00225419
1578 58.625 -0.45059 0.00225419
1579 58.625 -0.45059 0.00225419
1580 58.625 -0.45059 0.00225419
1581 58.625 -0.45059 0.00225419
1582 58.625 -0.45059 0.00225419
1583 58.625 -0.45059 0.00225419
1584 58.625 -0.45059 0.00225419
1585 58.625 -0.45059 0.00225419
1586 58.625 -0.45059 0.00225419
1587 58.625 -0.45059 0.00225419
1588 58.625 -0.45059 0.00225419
1589 58.625 -0.45059 0.00225419
1590 58.625 -0.45059 0.00225419
1591 58.625 -0.45059 0.00225419
1592 58.625 -0.45059 0.00225419
1593 58.625 -0.45059 0.00225419
1594 58.625 -0.45059 0.00225419
1595 58.625 -0.45059 0.00225419
1596 58.625 -0.45059 0.00225419
1597 58.625 -0.45059 0.00225419
1598 58.625 -0.45059 0.00225419
1599 58.625 -0.45059 0.00225419
1600 58.625 -0.45059 0.00225419
1601 58.625 -0.45059 0.00225419
1602 58.625 -0.45059 0.00225419
1603 58.625 -0.45059 0.00225419
1604 58.625 -0.45059 0.00225419
1605 58.625 -0.45059 0.00225419
1606 58.625 -0.45059 0.00225419
1607 58.625 -0.45059 0.00225419
1608 58.625 -0.45059 0.00225419
1609 58.625 -0.45059 0.00225419
1610 58.625 -0.45059 0.00225419
1611 58.625 -0.45059 0.00225419
1612 58.625 -0.45059 0.00225419
1613 58.625 -0.45059 0.00225419
1614 58.625 -0.45059 0.00225419
1615 58.625 -0.45059 0.00225419
1616 58.625 -0.45059 0.00225419
1617 58.625 -0.45059 0.00225419
1618 58.625 -0.45059 0.00225419
1619 58.625 -0.45059 0.00225419
1620 58.625 -0.45059 0.00225419
1621 58.625 -0.45059 0.00225419
1622 58.625 -0.45059 0.00225419
1623 58.625 -0.45059 0.00225419
1624 58.625 -0.45059 0.00225419
1625 58.625 -0.45059 0.00225419
1626 58.625 -0.45059 0.00225419
1627 58.625 -0.45059 0.00225419
1628 58.625 -0.45059 0.00225419
1629 58.625 -0.45059 0.00225419
1630 58.625 -0.45059 0.00225419
1631 58.625 -0.45059 0.00225419
1632 58.625 -0.45059 0.00225419
1633 58.625 -0.45059 0.00225419
1634 58.625 -0.45059 0.00225419
1635 58.625 -0.45059 0.00225419
1636 58.625 -0.45059 0.00225419
1637 58.625 -0.45059 0.00225419
1638 58.625 -0.45059 0.00225419
1639 58.625 -0.45059 0.00225419
1640 58.625 -0.45059 0.00225419
1641 58.625 -0.45059 0.00225419
1642 58.625 -0.45059 0.00225419
1643 58.625 -0.45059 0.00225419
1644 58.625 -0.45059 0.00225419
1645 58.625 -0.45059 0.00225419
1646 58.625 -0.45059 0.00225419
1647 58.625 -0.45059 0.00225419
1648 58.625 -0.45059 0.00225419
1649 58.625 -0.45059 0.00225419
1650 58.625 -0.45059 0.00225419
1651 58.625 -0.45059 0.00225419
1652 58.625 -0.45059 0.00225419
1653 58.625 -0.45059 0.00225419
1654 58.625 -0.45059 0.00225419
1655 58.625 -0.45059 0.00225419
1656 58.625 -0.45059 0.00225419
1657 58.625 -0.45059 0.00225419
1658 58.625 -0.45059 0.00225419
1659 58.625 -0.45059 0.00225419
1660 58.625 -0.45059 0.00225419
1661 58.625 -0.45059 0.00225419
1662 58.625 -0.45059 0.00225419
1663 58.625 -0.45059 0.00225419
1664 58.625 -0.45059 0.00225419
1665 58.625 -0.45059 0.00225419
1666 58.625 -0.45059 0.00225419
1667 58.625 -0.45059 0.00225419
1668 58.625 -0.45059 0.00225419
1669 58.625 -0.45059 0.00225419
1670 58.625 -0.45059 0.00225419
1671 58.625 -0.45059 0.00225419
1672 58.625 -0.45059 0.00225419
1673 58.625 -0.45059 0.00225419
1674 58.625 -0.45059 0.00225419
1675 58.625 -0.45059 0.00225419
1676 58.625 -0.45059 0.00225419
1677 58.625 -0.45059 0.00225419
1678 58.625 -0.45059 0.00225419
1679 58.625 -0.45059 0.00225419
1680 58.625 -0.45059 0.00225419
1681 62.75 -0.45059 0.00225419
1682 62.75 -0.45059 0.00225419
1683 62.75 -0.45059 0.00225419
1684 62.75 -0.45059 0.00225419
1685 62.75 -0.45059 0.00225419
1686 62.75 -0.45059 0.00225419
1687 62.75 -0.45059 0.00225419
1688 62.75 -0.45059 0.00225419
1689 62.75 -0.45059 0.00225419
1690 62.75 -0.45059 0.00225419
1691 62.75 -0.45059 0.00225419
1692 62.75 -0.45059 0.00225419
1693 62.75 -0.45059 0.00225419
1694 62.75 -0.45059 0.00225419
1695 62.75 -0.45059 0.00225419
1696 62.75 -0.45059 0.00225419
1697 62.75 -0.45059 0.00225419
1698 62.75 -0.45059 0.00225419
1699 62.75 -0.45059 0.00225419
1700 62.75 -0.45059 0.00225419
1701 62.75 -0.45059 0.00225419
1702 62.75 -0.45059 0.00225419
1703 62.75 -0.45059 0.00225419
1704 62.75 -0.45059 0.00225419
1705 62.75 -0.45059 0.00225419
1706 62.75 -0.45059 0.00225419
1707 62.75 -0.45059 0.00225419
1708 62.75 -0.45059 0.00225419
1709 62.75 -0.45059 0.00225419
1710 62.75 -0.45059 0.00225419
1711 62.75 -0.45059 0.00225419
1712 62.75 -0.45059 0.00225419
1713 62.75 -0.45059 0.00225419
1714 62.75 -0.45059 0.00225419
1715 62.75 -0.45059 0.00225419
1716 62.75 -0.45059 0.00225419
1717 62.75 -0.45059 0.00225419
1718 62.75 -0.45059 0.00225419
1719 62.75 -0.45059 0.00225419
1720 62.75 -0.45059 0.00225419
1721 62.75 -0.45059 0.00225419
1722 62.75 -0.45059 0.00225419
1723 62.75 -0.45059 0.00225419
1724 62.75 -0.45059 0.00225419
1725 62.75 -0.45059 0.00225419
1726 62.75 -0.45059 0.00225419
1727 62.75 -0.45059 0.00225419
1728 62.75 -0.45059 0.00225419
1729 62.75 -0.45059 0.00225419
1730 62.75 -0.45059 0.00225419
1731 62.75 -0.45059 0.00225419
1732 62.75 -0.45059 0.00225419
1733 62.75 -0.45059 0.00225419
1734 62.75 -0.45059 0.00225419
1735 62.75 -0.45059 0.00225419
1736 62.75 -0.45059 0.00225419
1737 62.75 -0.45059 0.00225419
1738 62.75 -0.45059 0.00225419
1739 62.75 -0.45059 0.00225419
1740 62.75 -0.45059 0.00225419
1741 62.75 -0.45059 0.00225419
1742 62.75 -0.45059 0.00225419
1743 62.75 -0.45059 0.00225419
1744 62.75 -0.45059 0.00225419
1745 62.75 -0.45059 0.00225419
1746 62.75 -0.45059 0.00225419
1747 62.75 -0.45059 0.00225419
1748 62.75 -0.45059 0.00225419
1749 62.75 -0.45059 0.00225419
1750 62.75 -0.45059 0.00225419
1751 62.75 -0.45059 0.00225419
1752 62.75 -0.45059 0.00225419
1753 62.75 -0.45059 0.00225419
1754 62.75 -0.45059 0.00225419
1755 62.75 -0.45059 0.00225419
1756 62.75 -0.45059 0.00225419
1757 62.75 -0.45059 0.00225419
1758 62.75 -0.45059 0.00225419
1759 62.75 -0.45059 0.00225419
1760 62.75 -0.45059 0.00225419
1761 62.75 -0.45059 0.00225419
1762 62.75 -0.45059 0.00225419
1763 62.75 -0.45059 0.00225419
1764 62.75 -0.45059 0.00225419
1765 62.75 -0.45059 0.00225419
1766 62.75 -0.45059 0.00225419
1767 62.75 -0.45059 0.00225419
1768 62.75 -0.45059 0.00225419
1769 62.75 -0.45059 0.00225419
1770 62.75 -0.45059 0.00225419
1771 62.75 -0.45059 0.00225419
1772 62.75 -0.45059 0.00225419
1773 62.75 -0.45059 0.00225419
1774 62.75 -0.45059 0.00225419
1775 62.75 -0.45059 0.00225419
1776 62.75 -0.45059 0.00225419
1777 62.75 -0.45059 0.00225419
1778 62.75 -0.45059 0.00225419
1779 62.75 -0.45059 0.00225419
1780 62.75 -0.45059 0.00225419
1781 62.75 -0.45059 0.00225419
1782 62.75 -0.45059 0.00225419
1783 62.75 -0.45059 0.00225419
1784 62.75 -0.45059 0.00225419
1785 62.75 -0.45059 0.00225419
1786 62.75 -0.45059 0.00225419
1787 62.75 -0.45059 0.00225419
1788 62.75 -0.45059 0.00225419
1789 62.75 -0.45059 0.00225419
1790 62.75 -0.45059 0.00225419
1791 62.75 -0.45059 0.00225419
1792 62.75 -0.45059 0.00225419
1793 62.75 -0.45059 0.00225419
1794 62.75 -0.45059 0.00225419
1795 62.75 -0.45059 0.00225419
1796 62.75 -0.45059 0.00225419
1797 62.75 -0.45059 0.00225419
1798 62.75 -0.45059 0.00225419
1799 62.75 -0.45059 0.00225419
1800 62.75 -0.45059 0.00225419
1801 66.875 -0.45059 0.00225419
1802 66.875 -0.45059 0.00225419
1803 66.875 -0.45059 0.00225419
1804 66.875 -0.45059 0.00225419
1805 66.875 -0.45059 0.00225419
1806 66.875 -0.45059 0.00225419
1807 66.875 -0.45059 0.00225419
1808 66.875 -0.45059 0.00225419
1809 66.875 -0.45059 0.00225419
1810 66.875 -0.45059 0.00225419
1811 66.875 -0.45059 0.00225419
1812 66.875 -0.45059 0.00225419
1813 66.875 -0.45059 0.00225419
1814 66.875 -0.45059 0.00225419
1815 66.875 -0.45059 0.00225419
1816 66.875 -0.45059 0.00225419
1817 66.875 -0.45059 0.00225419
1818 66.875 -0.45059 0.00225419
1819 66.875 -0.45059 0.00225419
1820 66.875 -0.45059 0.00225419
1821 66.875 -0.45059 0.00225419
1822 66.875 -0.45059 0.00225419
1823 66.875 -0.45059 0.00225419
1824 66.875 -0.45059 0.00225419
1825 66.875 -0.45059 0.00225419
1826 66.875 -0.45059 0.00225419
1827 66.875 -0.45059 0.00225419
1828 66.875 -0.45059 0.00225419
1829 66.875 -0.45059 0.00225419
1830 66.875 -0.45059 0.00225419
1831 66.875 -0.45059 0.00225419
1832 66.875 -0.45059 0.00225419
1833 66.875 -0.45059 0.00225419
1834 66.875 -0.45059 0.00225419
1835 66.875 -0.45059 0.00225419
1836 66.875 -0.45059 0.00225419
1837 66.875 -0.45059 0.00225419
1838 66.875 -0.45059 0.00225419
1839 66.875 -0.45059 0.00225419
1840 66.875 -0.45059 0.00225419
1841 66.875 -0.45059 0.00225419
1842 66.875 -0.45059 0.00225419
1843 66.875 -0.45059 0.00225419
1844 66.875 -0.45059 0.00225419
1845 66.875 -0.45059 0.00225419
1846 66.875 -0.45059 0.00225419
1847 66.875 -0.45059 0.00225419
1848 66.875 -0.45059 0.00225419
1849 66.875 -0.45059 0.00225419
1850 66.875 -0.45059 0.00225419
1851 66.875 -0.45059 0.00225419
1852 66.875 -0.45059 0.00225419
1853 66.875 -0.45059 0.00225419
1854 66.875 -0.45059 0.00225419
1855 66.875 -0.45059 0.00225419
1856 66.875 -0.45059 0.00225419
1857 66.875 -0.45059 0.00225419
1858 66.875 -0.45059 0.00225419
1859 66.875 -0.45059 0.00225419
1860 66.875 -0.45059 0.00225419
1861 66.875 -0.45059 0.00225419
1862 66.875 -0.45059 0.00225419
1863 66.875 -0.45059 0.00225419
1864 66.875 -0.45059 0.00225419
1865 66.875 -0.45059 0.00225419
1866 66.875 -0.45059 0.00225419
1867 66.875 -0.45059 0.00225419
1868 66.875 -0.45059 0.00225419
1869 66.875 -0.45059 0.00225419
1870 66.875 -0.45059 0.00225419
1871 66.875 -0.45059 0.00225419
1872 66.875 -0.45059 0.00225419
1873 66.875 -0.45059 0.00225419
1874 66.875 -0.45059 0.00225419
1875 66.875 -0.45059 0.00225419
1876 66.875 -0.45059 0.00225419
1877 66.875 -0.45059 0.00225419
1878 66.875 -0.45059 0.00225419
1879 66.875 -0.45059 0.00225419
1880 66.875 -0.45059 0.00225419
1881 66.875 -0.45059 0.00225419
1882 66.875 -0.45059 0.00225419
1883 66.875 -0.45059 0.00225419
1884 66.875 -0.45059 0.00225419
1885 66.875 -0.45059 0.00225419
1886 66.875 -0.45059 0.00225419
1887 66.875 -0.45059 0.00225419
1888 66.875 -0.45059 0.00225419
1889 66.875 -0.45059 0.00225419
1890 66.875 -0.45059 0.00225419
1891 66.875 -0.45059 0.00225419
1892 66.875 -0.45059 0.00225419
1893 66.875 -0.45059 0.00225419
1894 66.875 -0.45059 0.00225419
1895 66.875 -0.45059 0.00225419
1896 66.875 -0.45059 0.00225419
1897 66.875 -0.45059 0.00225419
1898 66.875 -0.45059 0.00225419
1899 66.875 -0.45059 0.00225419
1900 66.875 -0.45059 0.00225419
1901 66.875 -0.45059 0.00225419
1902 66.875 -0.45059 0.00225419
1903 66.875 -0.45059 0.00225419
1904 66.875 -0.45059 0.00225419
1905 66.875 -0.45059 0.00225419
1906 66.875 -0.45059 0.00225419
1907 66.875 -0.45059 0.00225419
1908 66.875 -0.45059 0.00225419
1909 66.875 -0.45059 0.00225419
1910 66.875 -0.45059 0.00225419
1911 66.875 -0.45059 0.00225419
1912 66.875 -0.45059 0.00225419
1913 66.875 -0.45059 0.00225419
1914 66.875 -0.45059 0.00225419
1915 66.875 -0.45059 0.00225419
1916 66.875 -0.45059 0.00225419
1917 66.875 -0.45059 0.00225419
1918 66.875 -0.45059 0.00225419
1919 66.875 -0.45059 0.00225419
1920 66.875 -0.45059 0.00225419
1921 71 -0.45059 0.00225419
1922 71 -0.45059 0.00225419
1923 71 -0.45059 0.00225419
1924 71 -0.45059 0.00225419
1925 71 -0.45059 0.00225419
1926 71 -0.45059 0.00225419
1927 71 -0.45059 0.00225419
1928 71 -0.45059 0.00225419
1929 71 -0.45059 0.00225419
1930 71 -0.45059 0.00225419
1931 71 -0.45059 0.00225419
1932 71 -0.45059 0.00225419
1933 71 -0.45059 0.00225419
1934 71 -0.45059 0.00225419
1935 71 -0.45059 0.00225419
1936 71 -0.45059 0.00225419
1937 71 -0.45059 0.00225419
1938 71 -0.45059 0.00225419
1939 71 -0.45059 0.00225419
1940 71 -0.45059 0.00225419
1941 71 -0.45059 0.00225419
1942 71 -0.45059 0.00225419
1943 71 -0.45059 0.00225419
1944 71 -0.45059 0.00225419
1945 71 -0.45059 0.00225419
1946 71 -0.45059 0.00225419
1947 71 -0.45059 0.00225419
1948 71 -0.45059 0.00225419
1949 71 -0.45059 0.00225419
1950 71 -0.45059 0.00225419
1951 71 -0.45059 0.00225419
1952 71 -0.45059 0.00225419
1953 71 -0.45059 0.00225419
1954 71 -0.45059 0.00225419
1955 71 -0.45059 0.00225419
1956 71 -0.45059 0.00225419
1957 71 -0.45059 0.00225419
1958 71 -0.45059 0.00225419
1959 71 -0.45059 0.00225419
1960 71 -0.45059 0.00225419
1961 71 -0.45059 0.00225419
1962 71 -0.45059 0.00225419
1963 71 -0.45059 0.00225419
1964 71 -0.45059 0.00225419
1965 71 -0.45059 0.00225419
1966 71 -0.45059 0.00225419
1967 71 -0.45059 0.00225419
1968 71 -0.45059 0.00225419
1969 71 -0.45059 0.00225419
1970 71 -0.45059 0.00225419
1971 71 -0.45059 0.00225419
1972 71 -0.45059 0.00225419
1973 71 -0.45059 0.00225419
1974 71 -0.45059 0.00225419
1975 71 -0.45059 0.00225419
1976 71 -0.45059 0.00225419
1977 71 -0.45059 0.00225419
1978 71 -0.45059 0.00225419
1979 71 -0.45059 0.00225419
1980 71 -0.45059 0.00225419
1981 71 -0.45059 0.00225419
1982 71 -0.45059 0.00225419
1983 71 -0.45059 0.00225419
1984 71 -0.45059 0.00225419
1985 71 -0.45059 0.00225419
1986 71 -0.45059 0.00225419
1987 71 -0.45059 0.00225419
1988 71 -0.45059 0.00225419
1989 71 -0.45059 0.00225419
1990 71 -0.45059 0.00225419
1991 71 -0.45059 0.00225419
1992 71 -0.45059 0.00225419
1993 71 -0.45059 0.00225419
1994 71 -0.45059 0.00225419
1995 71 -0.45059 0.00225419
1996 71 -0.45059 0.00225419
1997 71 -0.45059 0.00225419
1998 71 -0.45059 0.00225419
1999 71 -0.45059 0.00225419
2000 71 -0.45059 0.00225419
2001 71 -0.45059 0.00225419
2002 71 -0.45059 0.00225419
2003 71 -0.45059 0.00225419
2004 71 -0.45059 0.00225419
2005 71 -0.45059 0.00225419
2006 71 -0.45059 0.00225419
2007 71 -0.45059 0.00225419
2008 71 -0.45059 0.00225419
2009 71 -0.45059 0.00225419
2010 71 -0.45059 0.00225419
2011 71 -0.45059 0.00225419
2012 71 -0.45059 0.00225419
2013 71 -0.45059 0.00225419
2014 71 -0.45059 0.00225419
2015 71 -0.45059 0.00225419
2016 71 -0.45059 0.00225419
2017 71 -0.45059 0.00225419
2018 71 -0.45059 0.00225419
2019 71 -0.45059 0.00225419
2020 71 -0.45059 0.00225419
2021 71 -0.45059 0.00225419
2022 71 -0.45059 0.00225419
2023 71 -0.45059 0.00225419
2024 71 -0.45059 0.00225419
2025 71 -0.45059 0.00225419
2026 71 -0.45059 0.00225419
2027 71 -0.45059 0.00225419
2028 71 -0.45059 0.00225419
2029 71 -0.45059 0.00225419
2030 71 -0.45059 0.00225419
2031 71 -0.45059 0.00225419
2032 71 -0.45059 0.00225419
2033 71 -0.45059 0.00225419
2034 71 -0.45059 0.00225419
2035 71 -0.45059 0.00225419
2036 71 -0.45059 0.00225419
2037 71 -0.45059 0.00225419
2038 71 -0.45059 0.00225419
2039 71 -0.45059 0.00225419
2040 71 -0.45059 0.00225419
2041 75.125 -0.45059 0.00225419
2042 75.125 -0.45059 0.00225419
2043 75.125 -0.45059 0.00225419
2044 75.125 -0.45059 0.00225419
2045 75.125 -0.45059 0.00225419
2046 75.125 -0.45059 0.00225419
2047 75.125 -0.45059 0.00225419
2048 75.125 -0.45059 0.00225419
2049 75.125 -0.45059 0.00225419
2050 75.125 -0.45059 0.00225419
2051 75.125 -0.45059 0.00225419
2052 75.125 -0.45059 0.00225419
2053 75.125 -0.45059 0.00225419
2054 75.125 -0.45059 0.00225419
2055 75.125 -0.45059 0.00225419
2056 75.125 -0.45059 0.00225419
2057 75.125 -0.45059 0.00225419
2058 75.125 -0.45059 0.00225419
2059 75.125 -0.45059 0.00225419
2060 75.125 -0.45059 0.00225419
2061 75.125 -0.45059 0.00225419
2062 75.125 -0.45059 0.00225419
2063 75.125 -0.45059 0.00225419
2064 75.125 -0.45059 0.00225419
2065 75.125 -0.45059 0.00225419
2066 75.125 -0.45059 0.00225419
2067 75.125 -0.45059 0.00225419
2068 75.125 -0.45059 0.00225419
2069 75.125 -0.45059 0.00225419
2070 75.125 -0.45059 0.00225419
2071 75.125 -0.45059 0.00225419
2072 75.125 -0.45059 0.00225419
2073 75.125 -0.45059 0.00225419
2074 75.125 -0.45059 0.00225419
2075 75.125 -0.45059 0.00225419
2076 75.125 -0.45059 0.00225419
2077 75.125 -0.45059 0.00225419
2078 75.125 -0.45059 0.00225419
2079 75.125 -0.45059 0.00225419
2080 75.125 -0.45059 0.00225419
2081 75.125 -0.45059 0.00225419
2082 75.125 -0.45059 0.00225419
2083 75.125 -0.45059 0.00225419
2084 75.125 -0.45059 0.00225419
2085 75.125 -0.45059 0.00225419
2086 75.125 -0.45059 0.00225419
2087 75.125 -0.45059 0.00225419
2088 75.125 -0.45059 0.00225419
2089 75.125 -0.45059 0.00225419
2090 75.125 -0.45059 0.00225419
2091 75.125 -0.45059 0.00225419
2092 75.125 -0.45059 0.00225419
2093 75.125 -0.45059 0.00225419
2094 75.125 -0.45059 0.00225419
2095 75.125 -0.45059 0.00225419
2096 75.125 -0.45059 0.00225419
2097 75.125 -0.45059 0.00225419
2098 75.125 -0.45059 0.00225419
2099 75.125 -0.45059 0.00225419
2100 75.125 -0.45059 0.00225419
2101 75.125 -0.45059 0.00225419
2102 75.125 -0.45059 0.00225419
2103 75.125 -0.45059 0.00225419
2104 75.125 -0.45059 0.00225419
2105 75.125 -0.45059 0.00225419
2106 75.125 -0.45059 0.00225419
2107 75.125 -0.45059 0.00225419
2108 75.125 -0.45059 0.00225419
2109 75.125 -0.45059 0.00225419
2110 75.125 -0.45059 0.00225419
2111 75.125 -0.45059 0.00225419
2112 75.125 -0.45059 0.00225419
2113 75.125 -0.45059 0.00225419
2114 75.125 -0.45059 0.00225419
2115 75.125 -0.45059 0.00225419
2116 75.125 -0.45059 0.00225419
2117 75.125 -0.45059 0.00225419
2118 75.125 -0.45059 0.00225419
2119 75.125 -0.45059 0.00225419
2120 75.125 -0.45059 0.00225419
2121 75.125 -0.45059 0.00225419
2122 75.125 -0.45059 0.00225419
2123 75.125 -0.45059 0.00225419
2124 75.125 -0.45059 0.00225419
2125 75.125 -0.45059 0.00225419
2126 75.125 -0.45059 0.00225419
2127 75.125 -0.45059 0.00225419
2128 75.125 -0.45059 0.00225419
2129 75.125 -0.45059 0.00225419
2130 75.125 -0.45059 0.00225419
2131 75.125 -0.45059 0.00225419
2132 75.125 -0.45059 0.00225419
2133 75.125 -0.45059 0.00225419
2134 75.125 -0.45059 0.00225419
2135 75.125 -0.45059 0.00225419
2136 75.125 -0.45059 0.00225419
2137 75.125 -0.45059 0.00225419
2138 75.125 -0.45059 0.00225419
2139 75.125 -0.45059 0.00225419
2140 75.125 -0.45059 0.00225419
2141 75.125 -0.45059 0.00225419
2142 75.125 -0.45059 0.00225419
2143 75.125 -0.45059 0.00225419
2144 75.125 -0.45059 0.00225419
2145 75.125 -0.45059 0.00225419
2146 75.125 -0.45059 0.00225419
2147 75.125 -0.45059 0.00225419
2148 75.125 -0.45059 0.00225419
2149 75.125 -0.45059 0.00225419
2150 75.125 -0.45059 0.00225419
2151 75.125 -0.45059 0.00225419
2152 75.125 -0.45059 0.00225419
2153 75.125 -0.45059 0.00225419
2154 75.125 -0.45059 0.00225419
2155 75.125 -0.45059 0.00225419
2156 75.125 -0.45059 0.00225419
2157 75.125 -0.45059 0.00225419
2158 75.125 -0.45059 0.00225419
2159 75.125 -0.45059 0.00225419
2160 75.125 -0.45059 0.00225419
2161 79.25 -0.45059 0.00225419
2162 79.25 -0.45059 0.00225419
2163 79.25 -0.45059 0.00225419
2164 79.25 -0.45059 0.00225419
2165 79.25 -0.45059 0.00225419
2166 79.25 -0.45059 0.00225419
2167 79.25 -0.45059 0.00225419
2168 79.25 -0.45059 0.00225419
2169 79.25 -0.45059 0.00225419
2170 79.25 -0.45059 0.00225419
2171 79.25 -0.45059 0.00225419
2172 79.25 -0.45059 0.00225419
2173 79.25 -0.45059 0.00225419
2174 79.25 -0.45059 0.00225419
2175 79.25 -0.45059 0.00225419
2176 79.25 -0.45059 0.00225419
2177 79.25 -0.45059 0.00225419
2178 79.25 -0.45059 0.00225419
2179 79.25 -0.45059 0.00225419
2180 79.25 -0.45059 0.00225419
2181 79.25 -0.45059 0.00225419
2182 79.25 -0.45059 0.00225419
2183 79.25 -0.45059 0.00225419
2184 79.25 -0.45059 0.00225419
2185 79.25 -0.45059 0.00225419
2186 79.25 -0.45059 0.00225419
2187 79.25 -0.45059 0.00225419
2188 79.25 -0.45059 0.00225419
2189 79.25 -0.45059 0.00225419
2190 79.25 -0.45059 0.00225419
2191 79.25 -0.45059 0.00225419
2192 79.25 -0.45059 0.00225419
2193 79.25 -0.45059 0.00225419
2194 79.25 -0.45059 0.00225419
2195 79.25 -0.45059 0.00225419
2196 79.25 -0.45059 0.00225419
2197 79.25 -0.45059 0.00225419
2198 79.25 -0.45059 0.00225419
2199 79.25 -0.45059 0.00225419
2200 79.25 -0.45059 0.00225419
2201 79.25 -0.45059 0.00225419
2202 79.25 -0.45059 0.00225419
2203 79.25 -0.45059 0.00225419
2204 79.25 -0.45059 0.00225419
2205 79.25 -0.45059 0.00225419
2206 79.25 -0.45059 0.00225419
2207 79.25 -0.45059 0.00225419
2208 79.25 -0.45059 0.00225419
2209 79.25 -0.45059 0.00225419
2210 79.25 -0.45059 0.00225419
2211 79.25 -0.45059 0.00225419
2212 79.25 -0.45059 0.00225419
2213 79.25 -0.45059 0.00225419
2214 79.25 -0.45059 0.00225419
2215 79.25 -0.45059 0.00225419
2216 79.25 -0.45059 0.00225419
2217 79.25 -0.45059 0.00225419
2218 79.25 -0.45059 0.00225419
2219 79.25 -0.45059 0.00225419
2220 79.25 -0.45059 0.00225419
2221 79.25 -0.45059 0.00225419
2222 79.25 -0.45059 0.00225419
2223 79.25 -0.45059 0.00225419
2224 79.25 -0.45059 0.00225419
2225 79.25 -0.45059 0.00225419
2226 79.25 -0.45059 0.00225419
2227 79.25 -0.45059 0.00225419
2228 79.25 -0.45059 0.00225419
2229 79.25 -0.45059 0.00225419
2230 79.25 -0.45059 0.00225419
2231 79.25 -0.45059 0.00225419
2232 79.25 -0.45059 0.00225419
2233 79.25 -0.45059 0.00225419
2234 79.25 -0.45059 0.00225419
2235 79.25 -0.45059 0.00225419
2236 79.25 -0.45059 0.00225419
2237 79.25 -0.45059 0.00225419
2238 79.25 -0.45059 0.00225419
2239 79.25 -0.45059 0.00225419
2240 79.25 -0.45059 0.00225419
2241 79.25 -0.45059 0.00225419
2242 79.25 -0.45059 0.00225419
2243 79.25 -0.45059 0.00225419
2244 79.25 -0.45059 0.00225419
2245 79.25 -0.45059 0.00225419
2246 79.25 -0.45059 0.00225419
2247 79.25 -0.45059 0.00225419
2248 79.25 -0.45059 0.00225419
2249 79.25 -0.45059 0.00225419
2250 79.25 -0.45059 0.00225419
2251 79.25 -0.45059 0.00225419
2252 79.25 -0.45059 0.00225419
2253 79.25 -0.45059 0.00225419
2254 79.25 -0.45059 0.00225419
2255 79.25 -0.45059 0.00225419
2256 79.25 -0.45059 0.00225419
2257 79.25 -0.45059 0.00225419
2258 79.25 -0.45059 0.00225419
2259 79.25 -0.45059 0.00225419
2260 79.25 -0.45059 0.00225419
2261 79.25 -0.45059 0.00225419
2262 79.25 -0.45059 0.00225419
2263 79.25 -0.45059 0.00225419
2264 79.25 -0.45059 0.00225419
2265 79.25 -0.45059 0.00225419
2266 79.25 -0.45059 0.00225419
2267 79.25 -0.45059 0.00225419
2268 79.25 -0.45059 0.00225419
2269 79.25 -0.45059 0.00225419
2270 79.25 -0.45059 0.00225419
2271 79.25 -0.45059 0.00225419
2272 79.25 -0.45059 0.00225419
2273 79.25 -0.45059 0.00225419
2274 79.25 -0.45059 0.00225419
2275 79.25 -0.45059 0.00225419
2276 79.25 -0.45059 0.00225419
2277 79.25 -0.45059 0.00225419
2278 79.25 -0.45059 0.00225419
2279 79.25 -0.45059 0.00225419
2280 79.25 -0.45059 0.00225419
2281 83.375 -0.45059 0.00225419
2282 83.375 -0.45059 0.00225419
2283 83.375 -0.45059 0.00225419
2284 83.375 -0.45059 0.00225419
2285 83.375 -0.45059 0.00225419
2286 83.375 -0.45059 0.00225419
2287 83.375 -0.45059 0.00225419
2288 83.375 -0.45059 0.00225419
2289 83.375 -0.45059 0.00225419
2290 83.375 -0.45059 0.00225419
2291 83.375 -0.45059 0.00225419
2292 83.375 -0.45059 0.00225419
2293 83.375 -0.45059 0.00225419
2294 83.375 -0.45059 0.00225419
2295 83.375 -0.45059 0.00225419
2296 83.375 -0.45059 0.00225419
2297 83.375 -0.45059 0.00225419
2298 83.375 -0.45059 0.00225419
2299 83.375 -0.45059 0.00225419
2300 83.375 -0.45059 0.00225419
2301 83.375 -0.45059 0.00225419
2302 83.375 -0.45059 0.00225419
2303 83.375 -0.45059 0.00225419
2304 83.375 -0.45059 0.00225419
2305 83.375 -0.45059 0.00225419
2306 83.375 -0.45059 0.00225419
2307 83.375 -0.45059 0.00225419
2308 83.375 -0.45059 0.00225419
2309 83.375 -0.45059 0.00225419
2310 83.375 -0.45059 0.00225419
2311 83.375 -0.45059 0.00225419
2312 83.375 -0.45059 0.00225419
2313 83.375 -0.45059 0.00225419
2314 83.375 -0.45059 0.00225419
2315 83.375 -0.45059 0.00225419
2316 83.375 -0.45059 0.00225419
2317 83.375 -0.45059 0.00225419
2318 83.375 -0.45059 0.00225419
2319 83.375 -0.45059 0.00225419
2320 83.375 -0.45059 0.00225419
2321 83.375 -0.45059 0.00225419
2322 83.375 -0.45059 0.00225419
2323 83.375 -0.45059 0.00225419
2324 83.375 -0.45059 0.00225419
2325 83.375 -0.45059 0.00225419
2326 83.375 -0.45059 0.00225419
2327 83.375 -0.45059 0.00225419
2328 83.375 -0.45059 0.00225419
2329 83.375 -0.45059 0.00225419
2330 83.375 -0.45059 0.00225419
2331 83.375 -0.45059 0.00225419
2332 83.375 -0.45059 0.00225419
2333 83.375 -0.45059 0.00225419
2334 83.375 -0.45059 0.00225419
2335 83.375 -0.45059 0.00225419
2336 83.375 -0.45059 0.00225419
2337 83.375 -0.45059 0.00225419
2338 83.375 -0.45059 0.00225419
2339 83.375 -0.45059 0.00225419
2340 83.375 -0.45059 0.00225419
2341 83.375 -0.45059 0.00225419
2342 83.375 -0.45059 0.00225419
2343 83.375 -0.45059 0.00225419
2344 83.375 -0.45059 0.00225419
2345 83.375 -0.45059 0.00225419
2346 83.375 -0.45059 0.00225419
2347 83.375 -0.45059 0.00225419
2348 83.375 -0.45059 0.00225419
2349 83.375 -0.45059 0.00225419
2350 83.375 -0.45059 0.00225419
2351 83.375 -0.45059 0.00225419
2352 83.375 -0.45059 0.00225419
2353 83.375 -0.45059 0.00225419
2354 83.375 -0.45059 0.00225419
2355 83.375 -0.45059 0.00225419
2356 83.375 -0.45059 0.00225419
2357 83.375 -0.45059 0.00225419
2358 83.375 -0.45059 0.00225419
2359 83.375 -0.45059 0.00225419
2360 83.375 -0.45059 0.00225419
2361 83.375 -0.45059 0.00225419
2362 83.375 -0.45059 0.00225419
2363 83.375 -0.45059 0.00225419
2364 83.375 -0.45059 0.00225419
2365 83.375 -0.45059 0.00225419
2366 83.375 -0.45059 0.00225419
2367 83.375 -0.45059 0.00225419
2368 83.375 -0.45059 0.00225419
2369 83.375 -0.45059 0.00225419
2370 83.375 -0.45059 0.00225419
2371 83.375 -0.45059 0.00225419
2372 83.375 -0.45059 0.00225419
2373 83.375 -0.45059 0.00225419
2374 83.375 -0.45059 0.00225419
2375 83.375 -0.45059 0.00225419
2376 83.375 -0.45059 0.00225419
2377 83.375 -0.45059 0.00225419
2378 83.375 -0.45059 0.00225419
2379 83.375 -0.45059 0.00225419
2380 83.375 -0.45059 0.00225419
2381 83.375 -0.45059 0.00225419
2382 83.375 -0.45059 0.00225419
2383 83.375 -0.45059 0.00225419
2384 83.375 -0.45059 0.00225419
2385 83.375 -0.45059 0.00225419
2386 83.375 -0.45059 0.00225419
2387 83.375 -0.45059 0.00225419
2388 83.375 -0.45059 0.00225419
2389 83.375 -0.45059 0.00225419
2390 83.375 -0.45059 0.00225419
2391 83.375 -0.45059 0.00225419
2392 83.375 -0.45059 0.00225419
2393 83.375 -0.45059 0.00225419
2394 83.375 -0.45059 0.00225419
2395 83.375 -0.45059 0.00225419
2396 83.375 -0.45059 0.00225419
2397 83.375 -0.45059 0.00225419
2398 83.375 -0.45059 0.00225419
2399 83.375 -0.45059 0.00225419
2400 83.375 -0.45059 0.00225419
2401 87.5 -0.45059 0.00225419
2402 87.5 -0.45059 0.00225419
2403 87.5 -0.45059 0.00225419
2404 87.5 -0.45059 0.00225419
2405 87.5 -0.45059 0.00225419
2406 87.5 -0.45059 0.00225419
2407 87.5 -0.45059 0.00225419
2408 87.5 -0.45059 0.00225419
2409 87.5 -0.45059 0.00225419
2410 87.5 -0.45059 0.00225419
2411 87.5 -0.45059 0.00225419
2412 87.5 -0.45059 0.00225419
2413 87.5 -0.45059 0.00225419
2414 87.5 -0.45059 0.00225419
2415 87.5 -0.45059 0.00225419
2416 87.5 -0.45059 0.00225419
2417 87.5 -0.45059 0.00225419
2418 87.5 -0.45059 0.00225419
2419 87.5 -0.45059 0.00225419
2420 87.5 -0.45059 0.00225419
2421 87.5 -0.45059 0.00225419
2422 87.5 -0.45059 0.00225419
2423 87.5 -0.45059 0.00225419
2424 87.5 -0.45059 0.00225419
2425 87.5 -0.45059 0.00225419
2426 87.5 -0.45059 0.00225419
2427 87.5 -0.45059 0.00225419
2428 87.5 -0.45059 0.00225419
2429 87.5 -0.45059 0.00225419
2430 87.5 -0.45059 0.00225419
2431 87.5 -0.45059 0.00225419
2432 87.5 -0.45059 0.00225419
2433 87.5 -0.45059 0.00225419
2434 87.5 -0.45059 0.00225419
2435 87.5 -0.45059 0.00225419
2436 87.5 -0.45059 0.00225419
2437 87.5 -0.45059 0.00225419
2438 87.5 -0.45059 0.00225419
2439 87.5 -0.45059 0.00225419
2440 87.5 -0.45059 0.00225419
2441 87.5 -0.45059 0.00225419
2442 87.5 -0.45059 0.00225419
2443 87.5 -0.45059 0.00225419
2444 87.5 -0.45059 0.00225419
2445 87.5 -0.45059 0.00225419
2446 87.5 -0.45059 0.00225419
2447 87.5 -0.45059 0.00225419
2448 87.5 -0.45059 0.00225419
2449 87.5 -0.45059 0.00225419
2450 87.5 -0.45059 0.00225419
2451 87.5 -0.45059 0.00225419
2452 87.5 -0.45059 0.00225419
2453 87.5 -0.45059 0.00225419
2454 87.5 -0.45059 0.00225419
2455 87.5 -0.45059 0.00225419
2456 87.5 -0.45059 0.00225419
2457 87.5 -0.45059 0.00225419
2458 87.5 -0.45059 0.00225419
2459 87.5 -0.45059 0.00225419
2460 87.5 -0.45059 0.00225419
2461 87.5 -0.45059 0.00225419
2462 87.5 -0.45059 0.00225419
2463 87.5 -0.45059 0.00225419
2464 87.5 -0.45059 0.00225419
2465 87.5 -0.45059 0.00225419
2466 87.5 -0.45059 0.00225419
2467 87.5 -0.45059 0.00225419
2468 87.5 -0.45059 0.00225419
2469 87.5 -0.45059 0.00225419
2470 87.5 -0.45059 0.00225419
2471 87.5 -0.45059 0.00225419
2472 87.5 -0.45059 0.00225419
2473 87.5 -0.45059 0.00225419
2474 87.5 -0.45059 0.00225419
2475 87.5 -0.45059 0.00225419
2476 87.5 -0.45059 0.00225419
2477 87.5 -0.45059 0.00225419
2478 87.5 -0.45059 0.00225419
2479 87.5 -0.45059 0.00225419
2480 87.5 -0.45059 0.00225419
2481 87.5 -0.45059 0.00225419
2482 87.5 -0.45059 0.00225419
2483 87.5 -0.45059 0.00225419
2484 87.5 -0.45059 0.00225419
2485 87.5 -0.45059 0.00225419
2486 87.5 -0.45059 0.00225419
2487 87.5 -0.45059 0.00225419
2488 87.5 -0.45059 0.00225419
2489 87.5 -0.45059 0.00225419
2490 87.5 -0.45059 0.00225419
2491 87.5 -0.45059 0.00225419
2492 87.5 -0.45059 0.00225419
2493 87.5 -0.45059 0.00225419
2494 87.5 -0.45059 0.00225419
2495 87.5 -0.45059 0.00225419
2496 87.5 -0.45059 0.00225419
2497 87.5 -0.45059 0.00225419
2498 87.5 -0.45059 0.00225419
2499 87.5 -0.45059 0.00225419
2500 87.5 -0.45059 0.00225419
2501 87.5 -0.45059 0.00225419
2502 87.5 -0.45059 0.00225419
2503 87.5 -0.45059 0.00225419
2504 87.5 -0.45059 0.00225419
2505 87.5 -0.45059 0.00225419
2506 87.5 -0.45059 0.00225419
2507 87.5 -0.45059 0.00225419
2508 87.5 -0.45059 0.00225419
2509 87.5 -0.45059 0.00225419
2510 87.5 -0.45059 0.00225419
2511 87.5 -0.45059 0.00225419
2512 87.5 -0.45059 0.00225419
2513 87.5 -0.45059 0.00225419
2514 87.5 -0.45059 0.00225419
2515 87.5 -0.45059 0.00225419
2516 87.5 -0.45059 0.00225419
2517 87.5 -0.45059 0.00225419
2518 87.5 -0.45059 0.00225419
2519 87.5 -0.45059 0.00225419
2520 87.5 -0.45059 0.00225419
2521 91.625 -0.45059 0.00225419
2522 91.625 -0.45059 0.00225419
2523 91.625 -0.45059 0.00225419
2524 91.625 -0.45059 0.00225419
2525 91.625 -0.45059 0.00225419
2526 91.625 -0.45059 0.00225419
2527 91.625 -0.45059 0.00225419
2528 91.625 -0.45059 0.00225419
2529 91.625 -0.45059 0.00225419
2530 91.625 -0.45059 0.00225419
2531 91.625 -0.45059 0.00225419
2532 91.625 -0.45059 0.00225419
2533 91.625 -0.45059 0.00225419
2534 91.625 -0.45059 0.00225419
2535 91.625 -0.45059 0.00225419
2536 91.625 -0.45059 0.00225419
2537 91.625 -0.45059 0.00225419
2538 91.625 -0.45059 0.00225419
2539 91.625 -0.45059 0.00225419
2540 91.625 -0.45059 0.00225419
2541 91.625 -0.45059 0.00225419
2542 91.625 -0.45059 0.00225419
2543 91.625 -0.45059 0.00225419
2544 91.625 -0.45059 0.00225419
2545 91.625 -0.45059 0.00225419
2546 91.625 -0.45059 0.00225419
2547 91.625 -0.45059 0.00225419
2548 91.625 -0.45059 0.00225419
2549 91.625 -0.45059 0.00225419
2550 91.625 -0.45059 0.00225419
2551 91.625 -0.45059 0.00225419
2552 91.625 -0.45059 0.00225419
2553 91.625 -0.45059 0.00225419
2554 91.625 -0.45059 0.00225419
2555 91.625 -0.45059 0.00225419
2556 91.625 -0.45059 0.00225419
2557 91.625 -0.45059 0.00225419
2558 91.625 -0.45059 0.00225419
2559 91.625 -0.45059 0.00225419
2560 91.625 -0.45059 0.00225419
2561 91.625 -0.45059 0.00225419
2562 91.625 -0.45059 0.00225419
2563 91.625 -0.45059 0.00225419
2564 91.625 -0.45059 0.00225419
2565 91.625 -0.45059 0.00225419
2566 91.625 -0.45059 0.00225419
2567 91.625 -0.45059 0.00225419
2568 91.625 -0.45059 0.00225419
2569 91.625 -0.45059 0.00225419
2570 91.625 -0.45059 0.00225419
2571 91.625 -0.45059 0.00225419
2572 91.625 -0.45059 0.00225419
2573 91.625 -0.45059 0.00225419
2574 91.625 -0.45059 0.00225419
2575 91.625 -0.45059 0.00225419
2576 91.625 -0.45059 0.00225419
2577 91.625 -0.45059 0.00225419
2578 91.625 -0.45059 0.00225419
2579 91.625 -0.45059 0.00225419
2580 91.625 -0.45059 0.00225419
2581 91.625 -0.45059 0.00225419
2582 91.625 -0.45059 0.00225419
2583 91.625 -0.45059 0.00225419
2584 91.625 -0.45059 0.00225419
2585 91.625 -0.45059 0.00225419
2586 91.625 -0.45059 0.00225419
2587 91.625 -0.45059 0.00225419
2588 91.625 -0.45059 0.00225419
2589 91.625 -0.45059 0.00225419
2590 91.625 -0.45059 0.00225419
2591 91.625 -0.45059 0.00225419
2592 91.625 -0.45059 0.00225419
2593 91.625 -0.45059 0.00225419
2594 91.625 -0.45059 0.00225419
2595 91.625 -0.45059 0.00225419
2596 91.625 -0.45059 0.00225419
2597 91.625 -0.45059 0.00225419
2598 91.625 -0.45059 0.00225419
2599 91.625 -0.45059 0.00225419
2600 91.625 -0.45059 0.00225419
2601 91.625 -0.45059 0.00225419
2602 91.625 -0.45059 0.00225419
2603 91.625 -0.45059 0.00225419
2604 91.625 -0.45059 0.00225419
2605 91.625 -0.45059 0.00225419
2606 91.625 -0.45059 0.00225419
2607 91.625 -0.45059 0.00225419
2608 91.625 -0.45059 0.00225419
2609 91.625 -0.45059 0.00225419
2610 91.625 -0.45059 0.00225419
2611 91.625 -0.45059 0.00225419
2612 91.625 -0.45059 0.00225419
2613 91.625 -0.45059 0.00225419
2614 91.625 -0.45059 0.00225419
2615 91.625 -0.45059 0.00225419
2616 91.625 -0.45059 0.00225419
2617 91.625 -0.45059 0.00225419
2618 91.625 -0.45059 0.00225419
2619 91.625 -0.45059 0.00225419
2620 91.625 -0.45059 0.00225419
2621 91.625 -0.45059 0.00225419
2622 91.625 -0.45059 0.00225419
2623 91.625 -0.45059 0.00225419
2624 91.625 -0.45059 0.00225419
2625 91.625 -0.45059 0.00225419
2626 91.625 -0.45059 0.00225419
2627 91.625 -0.45059 0.00225419
2628 91.625 -0.45059 0.00225419
2629 91.625 -0.45059 0.00225419
2630 91.625 -0.45059 0.00225419
2631 91.625 -0.45059 0.00225419
2632 91.625 -0.45059 0.00225419
2633 91.625 -0.45059 0.00225419
2634 91.625 -0.45059 0.00225419
2635 91.625 -0.45059 0.00225419
2636 91.625 -0.45059 0.00225419
2637 91.625 -0.45059 0.00225419
2638 91.625 -0.45059 0.00225419
2639 91.625 -0.45059 0.00225419
2640 91.625 -0.45059 0.00225419
2641 95.75 -0.45059 0.00225419
2642 95.75 -0.45059 0.00225419
2643 95.75 -0.45059 0.00225419
2644 95.75 -0.45059 0.00225419
2645 95.75 -0.45059 0.00225419
2646 95.75 -0.45059 0.00225419
2647 95.75 -0.45059 0.00225419
2648 95.75 -0.45059 0.00225419
2649 95.75 -0.45059 0.00225419
2650 95.75 -0.45059 0.00225419
2651 95.75 -0.45059 0.00225419
2652 95.75 -0.45059 0.00225419
2653 95.75 -0.45059 0.00225419
2654 95.75 -0.45059 0.00225419
2655 95.75 -0.45059 0.00225419
2656 95.75 -0.45059 0.00225419
2657 95.75 -0.45059 0.00225419
2658 95.75 -0.45059 0.00225419
2659 95.75 -0.45059 0.00225419
2660 95.75 -0.45059 0.00225419
2661 95.75 -0.45059 0.00225419
2662 95.75 -0.45059 0.00225419
2663 95.75 -0.45059 0.00225419
2664 95.75 -0.45059 0.00225419
2665 95.75 -0.45059 0.00225419
2666 95.75 -0.45059 0.00225419
2667 95.75 -0.45059 0.00225419
2668 95.75 -0.45059 0.00225419
2669 95.75 -0.45059 0.00225419
2670 95.75 -0.45059 0.00225419
2671 95.75 -0.45059 0.00225419
2672 95.75 -0.45059 0.00225419
2673 95.75 -0.45059 0.00225419
2674 95.75 -0.45059 0.00225419
2675 95.75 -0.45059 0.00225419
2676 95.75 -0.45059 0.00225419
2677 95.75 -0.45059 0.00225419
2678 95.75 -0.45059 0.00225419
2679 95.75 -0.45059 0.00225419
2680 95.75 -0.45059 0.00225419
2681 95.75 -0.45059 0.00225419
2682 95.75 -0.45059 0.00225419
2683 95.75 -0.45059 0.00225419
2684 95.75 -0.45059 0.00225419
2685 95.75 -0.45059 0.00225419
2686 95.75 -0.45059 0.00225419
2687 95.75 -0.45059 0.00225419
2688 95.75 -0.45059 0.00225419
2689 95.75 -0.45059 0.00225419
2690 95.75 -0.45059 0.00225419
2691 95.75 -0.45059 0.00225419
2692 95.75 -0.45059 0.00225419
2693 95.75 -0.45059 0.00225419
2694 95.75 -0.45059 0.00225419
2695 95.75 -0.45059 0.00225419
2696 95.75 -0.45059 0.00225419
2697 95.75 -0.45059 0.00225419
2698 95.75 -0.45059 0.00225419
2699 95.75 -0.45059 0.00225419
2700 95.75 -0.45059 0.00225419
2701 95.75 -0.45059 0.00225419
2702 95.75 -0.45059 0.00225419
2703 95.75 -0.45059 0.00225419
2704 95.75 -0.45059 0.00225419
2705 95.75 -0.45059 0.00225419
2706 95.75 -0.45059 0.00225419
2707 95.75 -0.45059 0.00225419
2708 95.75 -0.45059 0.00225419
2709 95.75 -0.45059 0.00225419
2710 95.75 -0.45059 0.00225419
2711 95.75 -0.45059 0.00225419
2712 95.75 -0.45059 0.00225419
2713 95.75 -0.45059 0.00225419
2714 95.75 -0.45059 0.00225419
2715 95.75 -0.45059 0.00225419
2716 95.75 -0.45059 0.00225419
2717 95.75 -0.45059 0.00225419
2718 95.75 -0.45059 0.00225419
2719 95.75 -0.45059 0.00225419
2720 95.75 -0.45059 0.00225419
2721 95.75 -0.45059 0.00225419
2722 95.75 -0.45059 0.00225419
2723 95.75 -0.45059 0.00225419
2724 95.75 -0.45059 0.00225419
2725 95.75 -0.45059 0.00225419
2726 95.75 -0.45059 0.00225419
2727 95.75 -0.45059 0.00225419
2728 95.75 -0.45059 0.00225419
2729 95.75 -0.45059 0.00225419
2730 95.75 -0.45059 0.00225419
2731 95.75 -0.45059 0.00225419
2732 95.75 -0.45059 0.00225419
2733 95.75 -0.45059 0.00225419
2734 95.75 -0.45059 0.00225419
2735 95.75 -0.45059 0.00225419
2736 95.75 -0.45059 0.00225419
2737 95.75 -0.45059 0.00225419
2738 95.75 -0.45059 0.00225419
2739 95.75 -0.45059 0.00225419
2740 95.75 -0.45059 0.00225419
2741 95.75 -0.45059 0.00225419
2742 95.75 -0.45059 0.00225419
2743 95.75 -0.45059 0.00225419
2744 95.75 -0.45059 0.00225419
2745 95.75 -0.45059 0.00225419
2746 95.75 -0.45059 0.00225419
2747 95.75 -0.45059 0.00225419
2748 95.75 -0.45059 0.00225419
2749 95.75 -0.45059 0.00225419
2750 95.75 -0.45059 0.00225419
2751 95.75 -0.45059 0.00225419
2752 95.75 -0.45059 0.00225419
2753 95.75 -0.45059 0.00225419
2754 95.75 -0.45059 0.00225419
2755 95.75 -0.45059 0.00225419
2756 95.75 -0.45059 0.00225419
2757 95.75 -0.45059 0.00225419
2758 95.75 -0.45059 0.00225419
2759 95.75 -0.45059 0.00225419
2760 95.75 -0.45059 0.00225419
2761 99.875 -0.45059 0.00225419
2762 99.875 -0.45059 0.00225419
2763 99.875 -0.45059 0.00225419
2764 99.875 -0.45059 0.00225419
2765 99.875 -0.45059 0.00225419
2766 99.875 -0.45059 0.00225419
2767 99.875 -0.45059 0.00225419
2768 99.875 -0.45059 0.00225419
2769 99.875 -0.45059 0.00225419
2770 99.875 -0.45059 0.00225419
2771 99.875 -0.45059 0.00225419
2772 99.875 -0.45059 0.00225419
2773 99.875 -0.45059 0.00225419
2774 99.875 -0.45059 0.00225419
2775 99.875 -0.45059 0.00225419
2776 99.875 -0.45059 0.00225419
2777 99.875 -0.45059 0.00225419
2778 99.875 -0.45059 0.00225419
2779 99.875 -0.45059 0.00225419
2780 99.875 -0.45059 0.00225419
2781 99.875 -0.45059 0.00225419
2782 99.875 -0.45059 0.00225419
2783 99.875 -0.45059 0.00225419
2784 99.875 -0.45059 0.00225419
2785 99.875 -0.45059 0.00225419
2786 99.875 -0.45059 0.00225419
2787 99.875 -0.45059 0.00225419
2788 99.875 -0.45059 0.00225419
2789 99.875 -0.45059 0.00225419
2790 99.875 -0.45059 0.00225419
2791 99.875 -0.45059 0.00225419
2792 99.875 -0.45059 0.00225419
2793 99.875 -0.45059 0.00225419
2794 99.875 -0.45059 0.00225419
2795 99.875 -0.45059 0.00225419
2796 99.875 -0.45059 0.00225419
2797 99.875 -0.45059 0.00225419
2798 99.875 -0.45059 0.00225419
2799 99.875 -0.45059 0.00225419
2800 99.875 -0.45059 0.00225419
2801 99.875 -0.45059 0.00225419
2802 99.875 -0.45059 0.00225419
2803 99.875 -0.45059 0.00225419
2804 99.875 -0.45059 0.00225419
2805 99.875 -0.45059 0.00225419
2806 99.875 -0.45059 0.00225419
2807 99.875 -0.45059 0.00225419
2808 99.875 -0.45059 0.00225419
2809 99.875 -0.45059 0.00225419
2810 99.875 -0.45059 0.00225419
2811 99.875 -0.45059 0.00225419
2812 99.875 -0.45059 0.00225419
2813 99.875 -0.45059 0.00225419
2814 99.875 -0.45059 0.00225419
2815 99.875 -0.45059 0.00225419
2816 99.875 -0.45059 0.00225419
2817 99.875 -0.45059 0.00225419
2818 99.875 -0.45059 0.00225419
2819 99.875 -0.45059 0.00225419
2820 99.875 -0.45059 0.00225419
2821 99.875 -0.45059 0.00225419
2822 99.875 -0.45059 0.00225419
2823 99.875 -0.45059 0.00225419
2824 99.875 -0.45059 0.00225419
2825 99.875 -0.45059 0.00225419
2826 99.875 -0.45059 0.00225419
2827 99.875 -0.45059 0.00225419
2828 99.875 -0.45059 0.00225419
2829 99.875 -0.45059 0.00225419
2830 99.875 -0.45059 0.00225419
2831 99.875 -0.45059 0.00225419
2832 99.875 -0.45059 0.00225419
2833 99.875 -0.45059 0.00225419
2834 99.875 -0.45059 0.00225419
2835 99.875 -0.45059 0.00225419
2836 99.875 -0.45059 0.00225419
2837 99.875 -0.45059 0.00225419
2838 99.875 -0.45059 0.00225419
2839 99.875 -0.45059 0.00225419
2840 99.875 -0.45059 0.00225419
2841 99.875 -0.45059 0.00225419
2842 99.875 -0.45059 0.00225419
2843 99.875 -0.45059 0.00225419
2844 99.875 -0.45059 0.00225419
2845 99.875 -0.45059 0.00225419
2846 99.875 -0.45059 0.00225419
2847 99.875 -0.45059 0.00225419
2848 99.875 -0.45059 0.00225419
2849 99.875 -0.45059 0.00225419
2850 99.875 -0.45059 0.00225419
2851 99.875 -0.45059 0.00225419
2852 99.875 -0.45059 0.00225419
2853 99.875 -0.45059 0.00225419
2854 99.875 -0.45059 0.00225419
2855 99.875 -0.45059 0.00225419
2856 99.875 -0.45059 0.00225419
2857 99.875 -0.45059 0.00225419
2858 99.875 -0.45059 0.00225419
2859 99.875 -0.45059 0.00225419
2860 99.875 -0.45059 0.00225419
2861 99.875 -0.45059 0.00225419
2862 99.875 -0.45059 0.00225419
2863 99.875 -0.45059 0.00225419
2864 99.875 -0.45059 0.00225419
2865 99.875 -0.45059 0.00225419
2866 99.875 -0.45059 0.00225419
2867 99.875 -0.45059 0.00225419
2868 99.875 -0.45059 0.00225419
2869 99.875 -0.45059 0.00225419
2870 99.875 -0.45059 0.00225419
2871 99.875 -0.45059 0.00225419
2872 99.875 -0.45059 0.00225419
2873 99.875 -0.45059 0.00225419
2874 99.875 -0.45059 0.00225419
2875 99.875 -0.45059 0.00225419
2876 99.875 -0.45059 0.00225419
2877 99.875 -0.45059 0.00225419
2878 99.875 -0.45059 0.00225419
2879 99.875 -0.45059 0.00225419
2880 99.875 -0.45059 0.00225419
2881 104 -0.45059 0.00225419
2882 104 -0.45059 0.00225419
2883 104 -0.45059 0.00225419
2884 104 -0.45059 0.00225419
2885 104 -0.45059 0.00225419
2886 104 -0.45059 0.00225419
2887 104 -0.45059 0.00225419
2888 104 -0.45059 0.00225419
2889 104 -0.45059 0.00225419
2890 104 -0.45059 0.00225419
2891 104 -0.45059 0.00225419
2892 104 -0.45059 0.00225419
2893 104 -0.45059 0.00225419
2894 104 -0.45059 0.00225419
2895 104 -0.45059 0.00225419
2896 104 -0.45059 0.00225419
2897 104 -0.45059 0.00225419
2898 104 -0.45059 0.00225419
2899 104 -0.45059 0.00225419
2900 104 -0.45059 0.00225419
2901 104 -0.45059 0.00225419
2902 104 -0.45059 0.00225419
2903 104 -0.45059 0.00225419
2904 104 -0.45059 0.00225419
2905 104 -0.45059 0.00225419
2906 104 -0.45059 0.00225419
2907 104 -0.45059 0.00225419
2908 104 -0.45059 0.00225419
2909 104 -0.45059 0.00225419
2910 104 -0.45059 0.00225419
2911 104 -0.45059 0.00225419
2912 104 -0.45059 0.00225419
2913 104 -0.45059 0.00225419
2914 104 -0.45059 0.00225419
2915 104 -0.45059 0.00225419
2916 104 -0.45059 0.00225419
2917 104 -0.45059 0.00225419
2918 104 -0.45059 0.00225419
2919 104 -0.45059 0.00225419
2920 104 -0.45059 0.00225419
2921 104 -0.45059 0.00225419
2922 104 -0.45059 0.00225419
2923 104 -0.45059 0.00225419
2924 104 -0.45059 0.00225419
2925 104 -0.45059 0.00225419
2926 104 -0.45059 0.00225419
2927 104 -0.45059 0.00225419
2928 104 -0.45059 0.00225419
2929 104 -0.45059 0.00225419
2930 104 -0.45059 0.00225419
2931 104 -0.45059 0.00225419
2932 104 -0.45059 0.00225419
2933 104 -0.45059 0.00225419
2934 104 -0.45059 0.00225419
2935 104 -0.45059 0.00225419
2936 104 -0.45059 0.00225419
2937 104 -0.45059 0.00225419
2938 104 -0.45059 0.00225419
2939 104 -0.45059 0.00225419
2940 104 -0.45059 0.00225419
2941 104 -0.45059 0.00225419
2942 104 -0.45059 0.00225419
2943 104 -0.45059 0.00225419
2944 104 -0.45059 0.00225419
2945 104 -0.45059 0.00225419
2946 104 -0.45059 0.00225419
2947 104 -0.45059 0.00225419
2948 104 -0.45059 0.00225419
2949 104 -0.45059 0.00225419
2950 104 -0.45059 0.00225419
2951 104 -0.45059 0.00225419
2952 104 -0.45059 0.00225419
2953 104 -0.45059 0.00225419
2954 104 -0.45059 0.00225419
2955 104 -0.45059 0.00225419
2956 104 -0.45059 0.00225419
2957 104 -0.45059 0.00225419
2958 104 -0.45059 0.00225419
2959 104 -0.45059 0.00225419
2960 104 -0.45059 0.00225419
2961 104 -0.45059 0.00225419
2962 104 -0.45059 0.00225419
2963 104 -0.45059 0.00225419
2964 104 -0.45059 0.00225419
2965 104 -0.45059 0.00225419
2966 104 -0.45059 0.00225419
2967 104 -0.45059 0.00225419
2968 104 -0.45059 0.00225419
2969 104 -0.45059 0.00225419
2970 104 -0.45059 0.00225419
2971 104 -0.45059 0.00225419
2972 104 -0.45059 0.00225419
2973 104 -0.45059 0.00225419
2974 104 -0.45059 0.00225419
2975 104 -0.45059 0.00225419
2976 104 -0.45059 0.00225419
2977 104 -0.45059 0.00225419
2978 104 -0.45059 0.00225419
2979 104 -0.45059 0.00225419
2980 104 -0.45059 0.00225419
2981 104 -0.45059 0.00225419
2982 104 -0.45059 0.00225419
2983 104 -0.45059 0.00225419
2984 104 -0.45059 0.00225419
2985 104 -0.45059 0.00225419
2986 104 -0.45059 0.00225419
2987 104 -0.45059 0.00225419
2988 104 -0.45059 0.00225419
2989 104 -0.45059 0.00225419
2990 104 -0.45059 0.00225419
2991 104 -0.45059 0.00225419
2992 104 -0.45059 0.00225419
2993 104 -0.45059 0.00225419
2994 104 -0.45059 0.00225419
2995 104 -0.45059 0.00225419
2996 104 -0.45059 0.00225419
2997 104 -0.45059 0.00225419
2998 104 -0.45059 0.00225419
2999 104 -0.45059 0.00225419
3000 104 -0.45059 0.00225419
