1 0.802795
2 0.666274
3 0.568487
4 0.495398
5 0.44003
6 0.396888
7 0.362077
8 0.33368
9 0.30982
10 0.289451
11 0.271878
12 0.256455
13 0.242925
14 0.230613
15 0.220359
16 0.210987
17 0.203171
18 0.195334
19 0.187429
20 0.179924
21 0.173817
22 0.167496
23 0.16321
24 0.158447
25 0.15322
26 0.148474
27 0.143956
28 0.140768
29 0.137667
30 0.134104
31 0.131558
32 0.128584
33 0.125025
34 0.121685
35 0.118392
36 0.115577
37 0.112614
38 0.110071
39 0.107847
40 0.106296
41 0.104531
42 0.103515
43 0.102231
44 0.100932
45 0.0992737
46 0.0973128
47 0.0952533
48 0.0927391
49 0.0905222
50 0.0888703
51 0.0872198
52 0.0856005
53 0.0841774
54 0.0825094
55 0.0800214
56 0.0781085
57 0.0761699
58 0.0745978
59 0.0730886
60 0.0709809
61 0.0701354
62 0.0696562
63 0.0691429
64 0.0680923
65 0.0664655
66 0.0645931
67 0.0631459
68 0.0611198
69 0.0597342
70 0.0582985
71 0.0566828
72 0.0554087
73 0.0549611
74 0.0541184
75 0.0536168
76 0.0529417
77 0.0516509
78 0.0504996
79 0.0500559
80 0.0502433
81 0.049898
82 0.0492439
83 0.0482834
84 0.047966
85 0.046927
86 0.0461751
87 0.0459421
88 0.0447924
89 0.0433624
90 0.042556
91 0.0428406
92 0.0440858
93 0.044867
94 0.0445435
95 0.0441443
96 0.0435397
97 0.0431744
98 0.0428553
99 0.0427567
100 0.0420651
101 0.0419562
102 0.0409128
103 0.040644
104 0.0400358
105 0.0385965
106 0.0373478
107 0.0362552
108 0.0354385
109 0.0344582
110 0.0330944
111 0.0324604
112 0.0314733
113 0.0314285
114 0.0307534
115 0.0294021
116 0.0293566
117 0.0300489
118 0.029701
119 0.0300649
120 0.0301242
121 0.0305338
122 0.0298055
123 0.0292183
124 0.0289763
125 0.0283391
126 0.0267729
127 0.0255451
128 0.0252276
129 0.0248752
130 0.0242429
131 0.0234995
132 0.0234275
133 0.0225118
134 0.0215271
135 0.0202182
136 0.0200984
137 0.0204418
138 0.0202472
139 0.0190639
140 0.0181768
141 0.0182157
142 0.0189074
143 0.0199109
144 0.0200009
145 0.0204335
146 0.0211301
147 0.0207043
148 0.0206347
149 0.02019
150 0.0200289
151 0.0197409
152 0.0201507
153 0.0207428
154 0.0209569
155 0.021409
156 0.021518
157 0.0206632
158 0.0197004
159 0.0176525
160 0.0164163
161 0.0159044
162 0.0156804
163 0.0147156
164 0.0130545
165 0.0113846
166 0.0102913
167 0.0102896
168 0.00963423
169 0.00914708
170 0.00946772
171 0.00939116
172 0.00967235
173 0.0105383
174 0.0122442
175 0.0122815
176 0.0124121
177 0.012417
178 0.013233
179 0.0140507
180 0.0138504
181 0.0137016
182 0.0135931
183 0.013425
184 0.0135759
185 0.0140788
186 0.0136817
187 0.0137328
188 0.0137109
189 0.0134868
190 0.0132615
191 0.0130898
192 0.01364
193 0.013789
194 0.0138576
195 0.013997
196 0.0135094
197 0.013747
198 0.0139476
199 0.0146135
200 0.014521
201 0.014162
202 0.0136918
203 0.0138047
204 0.0134717
205 0.0134081
206 0.0137017
207 0.0136966
208 0.013692
209 0.013073
210 0.0120946
211 0.0112573
212 0.0106118
213 0.010726
214 0.0104731
215 0.0101664
216 0.00965187
217 0.0094796
218 0.00968485
219 0.0103541
220 0.0101919
221 0.00983782
222 0.00967539
223 0.00929732
224 0.008944
225 0.0079726
226 0.00745921
227 0.00758207
228 0.00758851
229 0.00728221
230 0.00625387
231 0.00576255
232 0.00511096
233 0.00447374
234 0.00390776
235 0.00475377
236 0.00542826
237 0.00563309
238 0.00605152
239 0.00715612
240 0.00796331
241 0.00894382
242 0.00950531
243 0.00985128
244 0.00947799
245 0.00962078
246 0.00999451
247 0.0101008
248 0.00971769
249 0.00919583
250 0.00955658
251 0.00944571
252 0.00846438
253 0.00843785
254 0.0077628
255 0.00755376
256 0.00751918
257 0.00796359
258 0.00719961
259 0.00634662
260 0.0062232
261 0.00623087
262 0.00645519
263 0.00741129
264 0.00765416
265 0.00757949
266 0.00700623
267 0.00654358
268 0.00702658
269 0.00715632
270 0.00780775
271 0.00788178
272 0.00854755
273 0.00870158
274 0.00828153
275 0.00802385
276 0.00747517
277 0.00618442
278 0.00554798
279 0.00587475
280 0.00510071
281 0.0046335
282 0.00472953
283 0.00429669
284 0.00485512
285 0.00462555
286 0.00383329
287 0.00344377
288 0.00232134
289 0.00173534
290 0.0018298
291 0.00150521
292 0.00171976
293 0.0020473
294 0.00235538
295 0.00270272
296 0.00215618
297 0.001836
298 0.000834453
299 0.0013606
300 0.00131169
301 0.00125788
302 0.00138893
303 0.0012531
304 0.000261839
305 -0.000401502
306 -0.00121521
307 -0.00126256
308 -0.00101364
309 -0.00102254
310 -0.000955326
311 -0.00126623
312 -0.000896043
313 0.000221193
314 1.56104e-05
315 0.00028571
316 -0.000101485
317 0.000175316
318 0.000588214
319 0.00108664
320 0.00262795
321 0.00330199
322 0.00349125
323 0.00361804
324 0.00334501
325 0.00248724
326 0.00225391
327 0.0023603
328 0.0023143
329 0.00206663
330 0.00203036
331 0.00168919
332 0.00215339
333 0.00191787
334 0.00169603
335 0.00172202
336 0.00121603
337 0.000916151
338 0.000268719
339 -0.000531493
340 -0.000497336
341 -0.000135495
342 0.000369609
343 0.000665933
344 0.000768234
345 0.00155576
346 0.00203292
347 0.00139621
348 0.000659473
349 0.000120866
350 0.000190454
351 0.000660106
352 0.000708031
353 0.000651393
354 0.000874614
355 0.000950876
356 0.00113508
357 0.00141677
358 0.00219013
359 0.00316588
360 0.00363786
361 0.0045087
362 0.00435046
363 0.00471036
364 0.00488501
365 0.00472172
366 0.0052486
367 0.00502992
368 0.00388743
369 0.00240311
370 0.00244245
371 0.00300348
372 0.00276437
373 0.00216397
374 0.00120286
375 0.000401537
376 0.00022803
377 -0.000644262
378 -0.0016943
379 -0.00167695
380 -0.00167582
381 -0.00204084
382 -0.00293594
383 -0.00286135
384 -0.00248849
385 -0.00208445
386 -0.00165003
387 -0.00160727
388 -0.00135833
389 -0.000478977
390 0.000618778
391 0.00164907
392 0.00273636
393 0.00402927
394 0.0048597
395 0.00591715
396 0.00661338
397 0.00683268
398 0.00776263
399 0.00762467
400 0.00725669
401 0.00735264
402 0.00716421
403 0.00690593
404 0.00570425
405 0.00518303
406 0.00591263
407 0.00696706
408 0.00732464
409 0.00736616
410 0.00716157
411 0.00653037
412 0.00607364
413 0.00571837
414 0.00514128
415 0.00527338
416 0.00578531
417 0.00588142
418 0.00615722
419 0.00607827
420 0.00548573
421 0.00370691
422 0.00224988
423 0.00135415
424 0.00152258
425 0.00159627
426 0.00106709
427 0.000709107
428 0.00124906
429 0.00129944
430 0.00177312
431 0.00301831
432 0.00331332
433 0.00228401
434 0.00133879
435 0.000799921
436 0.000474711
437 0.000266347
438 0.000988803
439 0.00129578
440 0.000928018
441 0.000271463
442 -0.000549611
443 -0.000963486
444 -0.000959535
445 -0.00155038
446 -0.0012516
447 -0.00094764
448 -8.21546e-05
449 0.000607898
450 0.00177817
451 0.00256433
452 0.00297056
453 0.00231889
454 0.00248526
455 0.0017007
456 0.00201378
457 0.00214158
458 0.00131134
459 0.000519149
460 0.000615879
461 0.000333027
462 8.43813e-05
463 0.00119741
464 0.00168965
465 0.00197626
466 0.00186232
467 0.00212699
468 0.0020137
469 0.00229533
470 0.00200144
471 0.00158645
472 0.00169694
473 0.00194257
474 0.00262916
475 0.00318729
476 0.00335443
477 0.00174668
478 0.000544502
479 -0.000466923
480 -0.0012324
481 -0.00171048
482 -0.00254028
483 -0.00212599
484 -0.00153385
485 -0.00081554
486 -0.00109891
487 -0.000568606
488 -0.000429007
489 -0.000185409
490 0.000230864
491 0.000153645
492 -6.36838e-05
493 -0.000822331
494 -0.00143484
495 -0.00205862
496 -0.00308662
497 -0.00370342
498 -0.00438688
499 -0.00348523
500 -0.00256842
501 -0.00195811
502 -0.00221219
503 -0.00138268
504 -0.00121931
505 -0.00142807
506 -0.0016207
507 -0.00218657
508 -0.0019663
509 -0.00171997
510 -0.00106887
511 -0.00109665
512 -0.00203438
513 -0.00232722
514 -0.00192643
515 -0.00216737
516 -0.00246695
517 -0.00186511
518 -0.00093399
519 -0.000424066
520 -0.000148326
521 -0.000181896
522 0.000224285
523 0.000178235
524 -0.000477724
525 -0.0012075
526 -0.0014478
527 -0.00188339
528 -0.00193741
529 -0.00232108
530 -0.0030101
531 -0.00383275
532 -0.00331159
533 -0.00289674
534 -0.0029406
535 -0.00272858
536 -0.00248984
537 -0.00274138
538 -0.00304704
539 -0.00350313
540 -0.00344084
541 -0.00352761
542 -0.00270763
543 -0.00181386
544 -0.00207979
545 -0.00173126
546 -0.00217563
547 -0.00355195
548 -0.00347927
549 -0.00285031
550 -0.00236398
551 -0.00102879
552 -0.0007414
553 -0.00153379
554 -0.00245157
555 -0.00253168
556 -0.0030795
557 -0.00330997
558 -0.00256102
559 -0.00148849
560 -0.000868476
561 -0.00107375
562 -0.00157162
563 -0.000896373
564 -0.000348232
565 -0.000690056
566 -0.000925673
567 -0.00165656
568 -0.00178981
569 -0.00147763
570 -0.00239432
571 -0.00328348
572 -0.00401752
573 -0.00390999
574 -0.00430009
575 -0.00470016
576 -0.00359894
577 -0.00286335
578 -0.00272509
579 -0.00211053
580 -0.00119407
581 5.11567e-05
582 -2.43028e-05
583 0.00120935
584 0.00223869
585 0.00241832
586 0.00152683
587 0.000529755
588 0.000242605
589 0.000559853
590 0.00143672
591 0.00254645
592 0.00340427
593 0.00379679
594 0.00288941
595 0.0019084
596 0.00114718
597 0.000432463
598 -0.000518185
599 -0.00119576
600 -0.00113892
601 -0.00169134
602 -0.00156345
603 -0.00142363
604 -0.00068909
605 -0.000708058
606 -0.000385496
607 -0.00057915
608 -0.00068941
609 -0.000540191
610 -0.000440028
611 -0.000921388
612 -0.00093955
613 4.80498e-05
614 4.07973e-05
615 0.000126452
616 0.000178547
617 0.000592689
618 -1.68894e-05
619 -0.00111115
620 -0.00199038
621 -0.00253716
622 -0.00223962
623 -0.00182906
624 -0.00168841
625 -0.00172992
626 -0.00183671
627 -0.00227713
628 -0.00198102
629 -0.00119979
630 -1.09065e-06
631 0.00077991
632 0.00139683
633 0.0018689
634 0.00199543
635 0.0036775
636 0.00425473
637 0.00401525
638 0.00413808
639 0.00349789
640 0.00361859
641 0.00367889
642 0.00436259
643 0.00429447
644 0.0040532
645 0.00405933
646 0.00446351
647 0.00441664
648 0.00431355
649 0.00379629
650 0.00335945
651 0.00414076
652 0.00410583
653 0.00393015
654 0.00406906
655 0.00478085
656 0.00476417
657 0.00348351
658 0.00287701
659 0.00298429
660 0.00346824
661 0.00425117
662 0.00450796
663 0.00502201
664 0.00525904
665 0.00619336
666 0.00695644
667 0.00771248
668 0.00855873
669 0.00921472
670 0.00849171
671 0.00800621
672 0.00760457
673 0.00723329
674 0.00711066
675 0.00738737
676 0.00682873
677 0.00608829
678 0.00620773
679 0.00613977
680 0.00553745
681 0.00449086
682 0.00366947
683 0.0030619
684 0.00316563
685 0.00293566
686 0.0027851
687 0.00333362
688 0.00382048
689 0.0042657
690 0.00474065
691 0.00478515
692 0.00445061
693 0.00435137
694 0.00505892
695 0.00497086
696 0.00454518
697 0.00489841
698 0.00584911
699 0.00516869
700 0.00436154
701 0.0035113
702 0.00375742
703 0.00332994
704 0.00337594
705 0.00305916
706 0.00351541
707 0.00365126
708 0.00348227
709 0.0042704
710 0.00516643
711 0.00543298
712 0.00520512
713 0.00529898
714 0.00590749
715 0.00572992
716 0.00650715
717 0.00730348
718 0.0074008
719 0.00788595
720 0.00800743
721 0.00784549
722 0.00685445
723 0.00629246
724 0.0063258
725 0.00647015
726 0.00674179
727 0.00716451
728 0.00725822
729 0.00685116
730 0.00630521
731 0.00677634
732 0.00687978
733 0.00648572
734 0.007017
735 0.00673403
736 0.00624708
737 0.00614032
738 0.00636376
739 0.00585215
740 0.00686976
741 0.0076777
742 0.0074126
743 0.00679446
744 0.00651093
745 0.00686307
746 0.00645098
747 0.00622823
748 0.00528708
749 0.00547806
750 0.00638576
751 0.00596997
752 0.0046614
753 0.00470018
754 0.00496466
755 0.00515437
756 0.00442691
757 0.0033672
758 0.00268256
759 0.00188722
760 0.0017961
761 0.00208617
762 0.00210192
763 0.00277395
764 0.00274049
765 0.00261293
766 0.00258284
767 0.00227167
768 0.00199654
769 0.00223844
770 0.00253889
771 0.00415745
772 0.00463172
773 0.00480376
774 0.00430221
775 0.00362667
776 0.0029011
777 0.00224212
778 0.00242601
779 0.00259999
780 0.00273972
781 0.00237231
782 0.001909
783 0.00123972
784 0.00154664
785 0.00212252
786 0.00238999
787 0.00290915
788 0.00264645
789 0.00297398
790 0.00315799
791 0.00395472
792 0.00390512
793 0.00346719
794 0.00261327
795 0.000853956
796 0.000336924
797 0.000941529
798 0.00196368
799 0.00322101
800 0.00432734
801 0.00493578
802 0.00530037
803 0.00429164
804 0.00335439
805 0.00264901
806 0.00190937
807 0.00206067
808 0.00187383
809 0.00248906
810 0.0025007
811 0.00257625
812 0.00288315
813 0.00318563
814 0.00412903
815 0.00454058
816 0.00479534
817 0.00533089
818 0.00647391
819 0.00739027
820 0.00831112
821 0.00883695
822 0.0089222
823 0.00895051
824 0.00773287
825 0.0070226
826 0.00684141
827 0.00692643
828 0.00709372
829 0.00707117
830 0.00654249
831 0.00635794
832 0.0057796
833 0.00703928
834 0.00754643
835 0.00749396
836 0.00763274
837 0.00716709
838 0.00687751
839 0.00704813
840 0.00693481
841 0.00770828
842 0.00809512
843 0.00796747
844 0.00729809
845 0.00605536
846 0.00583266
847 0.00550869
848 0.00624338
849 0.00734841
850 0.00706292
851 0.00595622
852 0.00488387
853 0.00431141
854 0.00352994
855 0.00337521
856 0.00285826
857 0.00230636
858 0.00181752
859 0.00157357
860 0.00200257
861 0.00228807
862 0.00281798
863 0.00234119
864 0.0024076
865 0.00334442
866 0.00415284
867 0.00467497
868 0.00442489
869 0.00430694
870 0.00364079
871 0.00403722
872 0.00466468
873 0.00326727
874 0.00262236
875 0.0012366
876 0.00119796
877 0.00135806
878 0.00156693
879 0.00317021
880 0.0040748
881 0.00460968
882 0.00584688
883 0.00627355
884 0.00619069
885 0.00679557
886 0.00795508
887 0.00892377
888 0.00903039
889 0.00892572
890 0.00945117
891 0.00974615
892 0.0099047
893 0.00890527
894 0.00867554
895 0.00833664
896 0.00837024
897 0.00775696
898 0.00641195
899 0.00574421
900 0.00597092
901 0.00565258
902 0.00493884
903 0.0044865
904 0.00397942
905 0.00346999
906 0.00289847
907 0.00233039
908 0.00201714
909 0.00157951
910 0.00061664
911 0.000843604
912 0.0013662
913 0.00143146
914 0.00119843
915 0.00125013
916 0.00150883
917 0.00121129
918 0.00125846
919 0.00202576
920 0.00242706
921 0.00246072
922 0.00225855
923 0.0023091
924 0.00263762
925 0.0028798
926 0.00293784
927 0.00352959
928 0.0042942
929 0.00519939
930 0.00498511
931 0.00478258
932 0.00461509
933 0.00487079
934 0.00496382
935 0.00450204
936 0.00484811
937 0.00535031
938 0.00575106
939 0.00539587
940 0.00544727
941 0.00571679
942 0.00456203
943 0.00397568
944 0.00438498
945 0.00482445
946 0.00527024
947 0.00495787
948 0.00384753
949 0.00354463
950 0.00309915
951 0.00265144
952 0.00255666
953 0.00299653
954 0.00210253
955 0.00114981
956 0.00116382
957 0.000755533
958 0.000476574
959 0.000165467
960 3.25444e-05
961 -0.000131305
962 -0.000265556
963 -0.000495163
964 -0.000332997
965 -0.000337922
966 0.000298857
967 0.000422326
968 0.000749061
969 0.000652565
970 0.000116659
971 0.000117571
972 0.000117386
973 0.00140028
974 0.00233548
975 0.00340981
976 0.00333472
977 0.0030708
978 0.00315648
979 0.00290202
980 0.0036253
981 0.00451826
982 0.00513571
983 0.00515936
984 0.00460852
985 0.00428699
986 0.00353593
987 0.00298116
988 0.00313267
989 0.00419797
990 0.00628574
991 0.00712329
992 0.00820263
993 0.00892676
994 0.00934004
995 0.00992757
996 0.0100887
997 0.00945955
998 0.00984316
999 0.0107789
1000 0.0119185
1001 0.0121565
1002 0.0123942
1003 0.0124658
1004 0.0124483
1005 0.0128193
1006 0.0120972
1007 0.012049
1008 0.012067
1009 0.0126752
1010 0.0132027
1011 0.0139582
1012 0.0141609
1013 0.0146949
1014 0.0141457
1015 0.0135816
1016 0.0130888
1017 0.013351
1018 0.0138247
1019 0.0143473
1020 0.0148973
1021 0.0145103
1022 0.0143474
1023 0.0142915
1024 0.0144064
1025 0.0147068
1026 0.0149596
1027 0.0147359
1028 0.014917
1029 0.0147938
1030 0.0146394
1031 0.0153197
1032 0.0154836
1033 0.0154241
1034 0.0151656
1035 0.0149624
1036 0.014283
1037 0.0130205
1038 0.0112519
1039 0.00961928
1040 0.00918833
1041 0.00911088
1042 0.00949443
1043 0.00914599
1044 0.00854289
1045 0.0085641
1046 0.00857844
1047 0.00790768
1048 0.00694224
1049 0.00674326
1050 0.0064152
1051 0.00585102
1052 0.00634188
1053 0.00591856
1054 0.00569609
1055 0.00653456
1056 0.00699091
1057 0.0068899
1058 0.00641272
1059 0.00571988
1060 0.00517219
1061 0.00588699
1062 0.00607846
1063 0.00586446
1064 0.00481614
1065 0.00480337
1066 0.00456221
1067 0.00508709
1068 0.0054576
1069 0.00603015
1070 0.00673538
1071 0.0074815
1072 0.0076664
1073 0.00755991
1074 0.00635708
1075 0.00608218
1076 0.00545347
1077 0.00578249
1078 0.00665319
1079 0.00694576
1080 0.0066841
1081 0.00644439
1082 0.00661305
1083 0.0067349
1084 0.00707007
1085 0.00701405
1086 0.00656178
1087 0.00582701
1088 0.00591365
1089 0.00553525
1090 0.00502838
1091 0.00485575
1092 0.00461047
1093 0.00420874
1094 0.00425393
1095 0.00406169
1096 0.00313066
1097 0.00311119
1098 0.00329904
1099 0.00367818
1100 0.00383943
1101 0.00384104
1102 0.00358325
1103 0.00376257
1104 0.00431036
1105 0.00491324
1106 0.00562929
1107 0.00675099
1108 0.0069253
1109 0.0069004
1110 0.00717235
1111 0.00734724
1112 0.00715997
1113 0.00769202
1114 0.00863963
1115 0.00953298
1116 0.00941028
1117 0.00935236
1118 0.00904813
1119 0.00872847
1120 0.00834061
1121 0.00812473
1122 0.00782881
1123 0.00748645
1124 0.00723186
1125 0.0069097
1126 0.00706456
1127 0.00787651
1128 0.00857876
1129 0.00916935
1130 0.00930631
1131 0.0094315
1132 0.00847651
1133 0.00700269
1134 0.00681128
1135 0.00582768
1136 0.00545431
1137 0.00539788
1138 0.00488972
1139 0.00449637
1140 0.00465338
1141 0.00409159
1142 0.00419424
1143 0.00470547
1144 0.00558454
1145 0.00546081
1146 0.00539486
1147 0.00545828
1148 0.00624729
1149 0.00705424
1150 0.00774787
1151 0.00861851
1152 0.00852836
1153 0.00779347
1154 0.00658439
1155 0.00653291
1156 0.00756299
1157 0.00787317
1158 0.00828251
1159 0.00861928
1160 0.00783013
1161 0.00639046
1162 0.00516999
1163 0.00377641
1164 0.00356235
1165 0.00312027
1166 0.00312634
1167 0.00369745
1168 0.00470079
1169 0.00465287
1170 0.0045083
1171 0.00492688
1172 0.00512505
1173 0.00582762
1174 0.00608452
1175 0.00553814
1176 0.00513695
1177 0.00498437
1178 0.00403358
1179 0.00294353
1180 0.00193012
1181 0.00154843
1182 0.00158419
1183 0.00217792
1184 0.00295429
1185 0.00282682
1186 0.00318046
1187 0.00308588
1188 0.00300211
1189 0.0025375
1190 0.00250002
1191 0.00296949
1192 0.0035012
1193 0.00313468
1194 0.00352261
1195 0.0032812
1196 0.00368314
1197 0.00402693
1198 0.0049099
1199 0.00523126
1200 0.00576319
1201 0.00614418
1202 0.00641898
1203 0.00592146
1204 0.00536178
1205 0.00465562
1206 0.00404289
1207 0.00338291
1208 0.00345838
1209 0.00383371
1210 0.00399352
1211 0.00473661
1212 0.00498684
1213 0.00560255
1214 0.00566647
1215 0.00473779
1216 0.00359447
1217 0.00346519
1218 0.00372502
1219 0.00396252
1220 0.00459956
1221 0.00488391
1222 0.00593443
1223 0.00701147
1224 0.00696271
1225 0.00680619
1226 0.00676404
1227 0.00699823
1228 0.00689072
1229 0.00619713
1230 0.00629359
1231 0.00675083
1232 0.00627512
1233 0.00665626
1234 0.00682571
1235 0.0072769
1236 0.00686073
1237 0.00717796
1238 0.00710865
1239 0.00679794
1240 0.00619025
1241 0.00472082
1242 0.0043818
1243 0.0040111
1244 0.00389033
1245 0.00297954
1246 0.00334939
1247 0.00362099
1248 0.00368369
1249 0.00367179
1250 0.00365698
1251 0.00291904
1252 0.00306602
1253 0.00259575
1254 0.0021035
1255 0.00176918
1256 0.00162353
1257 0.00104313
1258 0.00110365
1259 0.00148323
1260 0.00232506
1261 0.00256787
1262 0.00233262
1263 0.000571508
1264 -0.000713628
1265 -0.00102263
1266 -0.00137652
1267 -0.002049
1268 -0.00297777
1269 -0.00263893
1270 -0.00191258
1271 -0.00222478
1272 -0.00232063
1273 -0.00274336
1274 -0.00249008
1275 -0.00215654
1276 -0.000842912
1277 -0.000515638
1278 -2.95204e-05
1279 0.00020109
1280 -9.64527e-05
1281 -0.000848344
1282 -0.00166124
1283 -0.00253762
1284 -0.00335512
1285 -0.00412523
1286 -0.00365886
1287 -0.00294497
1288 -0.00255666
1289 -0.0022293
1290 -0.00184138
1291 -0.00184921
1292 -0.00106153
1293 0.000132597
1294 0.000715533
1295 0.000492576
1296 0.000721157
1297 0.0010713
1298 0.000646142
1299 0.000720434
1300 0.00109563
1301 0.00145624
1302 0.0019999
1303 0.00193659
1304 0.0026469
1305 0.00350775
1306 0.00386307
1307 0.00318666
1308 0.00258941
1309 0.00214684
1310 0.00191142
1311 0.00187176
1312 0.00254126
1313 0.00298674
1314 0.00327176
1315 0.00326952
1316 0.00321897
1317 0.00308919
1318 0.00340228
1319 0.00386299
1320 0.00400584
1321 0.00342374
1322 0.00284298
1323 0.00342423
1324 0.00396942
1325 0.00308482
1326 0.00243974
1327 0.00296845
1328 0.00262553
1329 0.00271931
1330 0.00302088
1331 0.00376006
1332 0.00377152
1333 0.00539698
1334 0.00606166
1335 0.00621886
1336 0.00596458
1337 0.00522422
1338 0.00491875
1339 0.00407986
1340 0.00390498
1341 0.00376272
1342 0.00331688
1343 0.00304823
1344 0.00326386
1345 0.00354275
1346 0.0037758
1347 0.0037095
1348 0.00373136
1349 0.00429707
1350 0.00559257
1351 0.0051993
1352 0.00468294
1353 0.00504561
1354 0.00515613
1355 0.00626255
1356 0.00710453
1357 0.00729898
1358 0.0077162
1359 0.0076151
1360 0.00723984
1361 0.00695052
1362 0.00691843
1363 0.00634868
1364 0.00609859
1365 0.0064138
1366 0.00625112
1367 0.0056942
1368 0.00560916
1369 0.0061295
1370 0.00576839
1371 0.00489525
1372 0.00495284
1373 0.00588248
1374 0.00568374
1375 0.00463426
1376 0.00400189
1377 0.00398483
1378 0.00382196
1379 0.00450437
1380 0.00515687
1381 0.00565526
1382 0.00601286
1383 0.00598643
1384 0.00656802
1385 0.00613047
1386 0.00622998
1387 0.00630533
1388 0.00604337
1389 0.00549292
1390 0.00563899
1391 0.00569868
1392 0.00511442
1393 0.00412309
1394 0.00443472
1395 0.00445559
1396 0.00388836
1397 0.00279986
1398 0.00281153
1399 0.00249168
1400 0.00266243
1401 0.00178238
1402 0.00156708
1403 0.00117963
1404 0.000472098
1405 0.000775788
1406 0.000117171
1407 -6.43399e-05
1408 -0.000562339
1409 -0.000400297
1410 -0.000617621
1411 -0.000604778
1412 -0.000999247
1413 -0.00114076
1414 -0.000592359
1415 0.000392923
1416 0.000235628
1417 0.000182112
1418 0.000183129
1419 0.000531262
1420 0.000611462
1421 0.000464935
1422 0.000782392
1423 0.00111488
1424 0.000882298
1425 -0.000247196
1426 -0.00109908
1427 -0.00136028
1428 -0.000957276
1429 -5.20019e-05
1430 8.73006e-05
1431 7.01912e-05
1432 0.00088363
1433 0.000335278
1434 7.82315e-05
1435 -0.000201838
1436 -0.000314246
1437 -0.000665904
1438 -0.00137494
1439 -0.0019538
1440 -0.00326578
1441 -0.00393299
1442 -0.00444592
1443 -0.00444279
1444 -0.00307472
1445 -0.00220357
1446 -0.00173939
1447 -0.00200836
1448 -0.00258309
1449 -0.00253753
1450 -0.00178819
1451 -0.00210868
1452 -0.00155132
1453 -0.000954662
1454 -0.00119497
1455 -0.00141975
1456 -0.00157665
1457 -0.00138473
1458 -0.00113518
1459 -0.00155295
1460 -0.00145102
1461 -0.000339631
1462 -0.00107208
1463 -0.00180727
1464 -0.00243894
1465 -0.00227797
1466 -0.00196671
1467 -0.00220766
1468 -0.00206793
1469 -0.00248304
1470 -0.00252856
1471 -0.003113
1472 -0.00332665
1473 -0.00515902
1474 -0.00553279
1475 -0.00602986
1476 -0.00591341
1477 -0.00610736
1478 -0.00621513
1479 -0.0073724
1480 -0.00795993
1481 -0.0080774
1482 -0.00773444
1483 -0.00774144
1484 -0.00790557
1485 -0.0082958
1486 -0.00818017
1487 -0.00801324
1488 -0.00821589
1489 -0.00869536
1490 -0.00846043
1491 -0.00809668
1492 -0.00825272
1493 -0.00855205
1494 -0.00890523
1495 -0.00890288
1496 -0.00905277
1497 -0.00863452
1498 -0.00853055
1499 -0.00799102
1500 -0.00823093
