1 -6.31163 -6.31163 0
2 -6.31092 -6.31127 0.000250213
3 -6.3107 -6.31108 0.000227839
4 -6.31077 -6.311 0.000183769
5 -6.31201 -6.3112 0.000232511
6 -6.30977 -6.31097 0.000291976
7 -6.3098 -6.3108 0.000294136
8 -6.31056 -6.31077 0.000258936
9 -6.31055 -6.31074 0.00023135
10 -6.30988 -6.31066 0.00022386
11 -6.31151 -6.31073 0.000216439
12 -6.31049 -6.31071 0.000199394
13 -6.30917 -6.31059 0.000216514
14 -6.31133 -6.31065 0.000207391
15 -6.31162 -6.31071 0.000203438
16 -6.31098 -6.31073 0.000191391
17 -6.31097 -6.31074 0.000180676
18 -6.31 -6.3107 0.000175354
19 -6.3118 -6.31076 0.000175402
20 -6.31184 -6.31081 0.000174702
21 -6.31122 -6.31083 0.000167469
22 -6.31043 -6.31081 0.000160846
23 -6.31116 -6.31083 0.000154534
24 -6.31168 -6.31086 0.000152091
25 -6.31127 -6.31088 0.000146879
26 -6.31075 -6.31088 0.000141314
27 -6.31069 -6.31087 0.000136242
28 -6.31134 -6.31089 0.000132402
29 -6.31053 -6.31087 0.00012842
30 -6.31032 -6.31086 0.000125472
31 -6.31098 -6.31086 0.000121492
32 -6.31041 -6.31085 0.00011851
33 -6.31064 -6.31084 0.000115087
34 -6.31038 -6.31083 0.000112477
35 -6.3115 -6.31084 0.000110901
36 -6.31115 -6.31085 0.000108141
37 -6.31078 -6.31085 0.000105238
38 -6.31057 -6.31084 0.000102726
39 -6.30924 -6.3108 0.000108023
40 -6.31047 -6.31079 0.000105646
41 -6.31106 -6.3108 0.000103276
42 -6.31107 -6.31081 0.000101018
43 -6.31071 -6.31081 9.86929e-05
44 -6.31077 -6.3108 9.64535e-05
45 -6.31081 -6.3108 9.43102e-05
46 -6.31192 -6.31083 9.53298e-05
47 -6.31056 -6.31082 9.34715e-05
48 -6.31156 -6.31084 9.27646e-05
49 -6.31167 -6.31086 9.23987e-05
50 -6.31181 -6.31087 9.24831e-05
51 -6.31096 -6.31088 9.06833e-05
52 -6.31059 -6.31087 8.91024e-05
53 -6.312 -6.31089 8.99402e-05
54 -6.30989 -6.31087 9.01513e-05
55 -6.3117 -6.31089 8.97706e-05
56 -6.30989 -6.31087 8.99228e-05
57 -6.31125 -6.31088 8.85961e-05
58 -6.311 -6.31088 8.70957e-05
59 -6.31218 -6.3109 8.83497e-05
60 -6.31089 -6.3109 8.68775e-05
61 -6.30982 -6.31088 8.72553e-05
62 -6.31062 -6.31088 8.59486e-05
63 -6.31039 -6.31087 8.49298e-05
64 -6.31082 -6.31087 8.36059e-05
65 -6.31075 -6.31087 8.23404e-05
66 -6.31154 -6.31088 8.17181e-05
67 -6.31063 -6.31088 8.05861e-05
68 -6.31131 -6.31088 7.96546e-05
69 -6.31077 -6.31088 7.85168e-05
70 -6.31126 -6.31089 7.75869e-05
71 -6.30997 -6.31087 7.75631e-05
72 -6.31027 -6.31086 7.69329e-05
73 -6.31117 -6.31087 7.59923e-05
74 -6.3124 -6.31089 7.77207e-05
75 -6.31118 -6.31089 7.67842e-05
76 -6.31095 -6.31089 7.57776e-05
77 -6.31096 -6.31089 7.47986e-05
78 -6.31027 -6.31089 7.42652e-05
79 -6.30948 -6.31087 7.54333e-05
80 -6.31082 -6.31087 7.44926e-05
81 -6.31083 -6.31087 7.35746e-05
82 -6.31115 -6.31087 7.27582e-05
83 -6.31147 -6.31088 7.22328e-05
84 -6.31016 -6.31087 7.18827e-05
85 -6.31026 -6.31086 7.1392e-05
86 -6.31059 -6.31086 7.06341e-05
87 -6.31131 -6.31086 7.00129e-05
88 -6.3113 -6.31087 6.93931e-05
89 -6.31087 -6.31087 6.86134e-05
90 -6.31008 -6.31086 6.84058e-05
91 -6.31 -6.31085 6.82996e-05
92 -6.3105 -6.31085 6.76634e-05
93 -6.3112 -6.31085 6.70433e-05
94 -6.31072 -6.31085 6.6344e-05
95 -6.31112 -6.31085 6.57056e-05
96 -6.31041 -6.31085 6.5183e-05
97 -6.31123 -6.31085 6.4632e-05
98 -6.31033 -6.31085 6.4188e-05
99 -6.31154 -6.31085 6.392e-05
100 -6.31022 -6.31085 6.35897e-05
101 -6.31075 -6.31085 6.29671e-05
102 -6.311 -6.31085 6.23681e-05
103 -6.31098 -6.31085 6.1775e-05
104 -6.31116 -6.31085 6.12543e-05
105 -6.31021 -6.31085 6.09719e-05
106 -6.31235 -6.31086 6.20208e-05
107 -6.31134 -6.31086 6.16014e-05
108 -6.3108 -6.31086 6.10338e-05
109 -6.31273 -6.31088 6.28216e-05
110 -6.31052 -6.31088 6.23357e-05
111 -6.31183 -6.31089 6.23575e-05
112 -6.3105 -6.31088 6.18977e-05
113 -6.3118 -6.31089 6.18817e-05
114 -6.31084 -6.31089 6.13403e-05
115 -6.30835 -6.31087 6.46691e-05
116 -6.31063 -6.31087 6.41449e-05
117 -6.31152 -6.31087 6.38384e-05
118 -6.31097 -6.31087 6.33022e-05
119 -6.31094 -6.31087 6.2773e-05
120 -6.31025 -6.31087 6.24654e-05
121 -6.31041 -6.31086 6.20661e-05
122 -6.31149 -6.31087 6.17705e-05
123 -6.31053 -6.31087 6.13313e-05
124 -6.31034 -6.31086 6.0986e-05
125 -6.31057 -6.31086 6.05444e-05
126 -6.31208 -6.31087 6.08373e-05
127 -6.31119 -6.31087 6.041e-05
128 -6.31131 -6.31088 6.00361e-05
129 -6.31095 -6.31088 5.95737e-05
130 -6.31227 -6.31089 6.00656e-05
131 -6.31177 -6.31089 5.99817e-05
132 -6.31117 -6.3109 5.95633e-05
133 -6.3106 -6.31089 5.91559e-05
134 -6.31006 -6.31089 5.90375e-05
135 -6.31093 -6.31089 5.8601e-05
136 -6.31104 -6.31089 5.81813e-05
137 -6.3115 -6.31089 5.79268e-05
138 -6.3117 -6.3109 5.77995e-05
139 -6.31097 -6.3109 5.73861e-05
140 -6.31078 -6.3109 5.69828e-05
141 -6.31045 -6.3109 5.66658e-05
142 -6.31133 -6.3109 5.63476e-05
143 -6.31084 -6.3109 5.59549e-05
144 -6.31096 -6.3109 5.55678e-05
145 -6.31133 -6.3109 5.52656e-05
146 -6.31096 -6.3109 5.48884e-05
147 -6.31188 -6.31091 5.49192e-05
148 -6.31053 -6.31091 5.46084e-05
149 -6.31096 -6.31091 5.4243e-05
150 -6.31061 -6.3109 5.39183e-05
151 -6.31133 -6.31091 5.3634e-05
152 -6.31131 -6.31091 5.33479e-05
153 -6.31125 -6.31091 5.30465e-05
154 -6.31101 -6.31091 5.27055e-05
155 -6.31113 -6.31091 5.23838e-05
156 -6.3094 -6.3109 5.2939e-05
157 -6.31119 -6.31091 5.26339e-05
158 -6.3113 -6.31091 5.23594e-05
159 -6.31105 -6.31091 5.20378e-05
160 -6.3104 -6.31091 5.18083e-05
161 -6.31148 -6.31091 5.16085e-05
162 -6.3121 -6.31092 5.18124e-05
163 -6.30973 -6.31091 5.20051e-05
164 -6.30986 -6.3109 5.208e-05
165 -6.31155 -6.31091 5.19113e-05
166 -6.31193 -6.31091 5.19619e-05
167 -6.31117 -6.31092 5.16726e-05
168 -6.31027 -6.31091 5.15063e-05
169 -6.30979 -6.31091 5.16262e-05
170 -6.31118 -6.31091 5.13471e-05
171 -6.31112 -6.31091 5.10613e-05
172 -6.31097 -6.31091 5.07658e-05
173 -6.31094 -6.31091 5.04726e-05
174 -6.31105 -6.31091 5.01887e-05
175 -6.30965 -6.3109 5.04142e-05
176 -6.31141 -6.31091 5.02086e-05
177 -6.31133 -6.31091 4.99824e-05
178 -6.3112 -6.31091 4.97295e-05
179 -6.31175 -6.31091 4.96738e-05
180 -6.31085 -6.31091 4.93991e-05
181 -6.3118 -6.31092 4.93701e-05
182 -6.31094 -6.31092 4.90989e-05
183 -6.31014 -6.31091 4.90169e-05
184 -6.31004 -6.31091 4.8979e-05
185 -6.31074 -6.31091 4.87227e-05
186 -6.31214 -6.31092 4.89099e-05
187 -6.3118 -6.31092 4.88755e-05
188 -6.31255 -6.31093 4.93805e-05
189 -6.31182 -6.31093 4.93422e-05
190 -6.3115 -6.31094 4.91717e-05
191 -6.31074 -6.31094 4.89252e-05
192 -6.31155 -6.31094 4.87752e-05
193 -6.31074 -6.31094 4.85333e-05
194 -6.31148 -6.31094 4.83625e-05
195 -6.3107 -6.31094 4.81302e-05
196 -6.31131 -6.31094 4.79215e-05
197 -6.31116 -6.31094 4.76908e-05
198 -6.3109 -6.31094 4.74503e-05
199 -6.31006 -6.31094 4.74168e-05
200 -6.31099 -6.31094 4.71805e-05
201 -6.31026 -6.31093 4.70678e-05
202 -6.31245 -6.31094 4.743e-05
203 -6.31048 -6.31094 4.72514e-05
204 -6.30971 -6.31093 4.74024e-05
205 -6.31182 -6.31094 4.73674e-05
206 -6.31152 -6.31094 4.72227e-05
207 -6.31149 -6.31094 4.70682e-05
208 -6.31138 -6.31095 4.6888e-05
209 -6.31138 -6.31095 4.67092e-05
210 -6.31091 -6.31095 4.64871e-05
211 -6.31073 -6.31095 4.62783e-05
212 -6.31008 -6.31094 4.62389e-05
213 -6.30979 -6.31094 4.63385e-05
214 -6.31166 -6.31094 4.62437e-05
215 -6.31181 -6.31094 4.62057e-05
216 -6.31051 -6.31094 4.60363e-05
217 -6.31158 -6.31095 4.59193e-05
218 -6.3114 -6.31095 4.57563e-05
219 -6.31167 -6.31095 4.56656e-05
220 -6.31065 -6.31095 4.54781e-05
221 -6.31133 -6.31095 4.53055e-05
222 -6.31107 -6.31095 4.51047e-05
223 -6.31053 -6.31095 4.49419e-05
224 -6.31128 -6.31095 4.47648e-05
225 -6.31127 -6.31095 4.45882e-05
226 -6.31009 -6.31095 4.45536e-05
227 -6.31161 -6.31095 4.44521e-05
228 -6.31116 -6.31095 4.42665e-05
229 -6.31057 -6.31095 4.41052e-05
230 -6.30981 -6.31095 4.4193e-05
231 -6.31051 -6.31094 4.40428e-05
232 -6.31157 -6.31095 4.39351e-05
233 -6.31229 -6.31095 4.41241e-05
234 -6.31006 -6.31095 4.40988e-05
235 -6.31168 -6.31095 4.40198e-05
236 -6.31218 -6.31096 4.41404e-05
237 -6.31227 -6.31096 4.42987e-05
238 -6.31081 -6.31096 4.41173e-05
239 -6.31005 -6.31096 4.40968e-05
240 -6.30988 -6.31095 4.41419e-05
241 -6.31101 -6.31095 4.39593e-05
242 -6.31044 -6.31095 4.38298e-05
243 -6.31084 -6.31095 4.36519e-05
244 -6.31054 -6.31095 4.35055e-05
245 -6.3119 -6.31095 4.34997e-05
246 -6.31073 -6.31095 4.33325e-05
247 -6.31124 -6.31095 4.3173e-05
248 -6.31182 -6.31096 4.31406e-05
249 -6.31108 -6.31096 4.29704e-05
250 -6.31173 -6.31096 4.29101e-05
251 -6.31062 -6.31096 4.27604e-05
252 -6.31085 -6.31096 4.25931e-05
253 -6.31034 -6.31096 4.24939e-05
254 -6.31089 -6.31096 4.23273e-05
255 -6.31075 -6.31096 4.21692e-05
256 -6.31029 -6.31095 4.20836e-05
257 -6.31049 -6.31095 4.19587e-05
258 -6.31064 -6.31095 4.18134e-05
259 -6.31002 -6.31095 4.18067e-05
260 -6.3104 -6.31094 4.16981e-05
261 -6.31107 -6.31094 4.15409e-05
262 -6.31168 -6.31095 4.14761e-05
263 -6.31156 -6.31095 4.13828e-05
264 -6.31112 -6.31095 4.12312e-05
265 -6.31155 -6.31095 4.1137e-05
266 -6.31155 -6.31095 4.10428e-05
267 -6.31197 -6.31096 4.10653e-05
268 -6.31123 -6.31096 4.09247e-05
269 -6.31041 -6.31096 4.08235e-05
270 -6.31024 -6.31095 4.07598e-05
271 -6.31103 -6.31096 4.06103e-05
272 -6.31031 -6.31095 4.05296e-05
273 -6.3098 -6.31095 4.06023e-05
274 -6.31168 -6.31095 4.05417e-05
275 -6.31005 -6.31095 4.05273e-05
276 -6.31072 -6.31095 4.03889e-05
277 -6.31041 -6.31095 4.02894e-05
278 -6.31086 -6.31094 4.01457e-05
279 -6.31056 -6.31094 4.00259e-05
280 -6.31022 -6.31094 3.99669e-05
281 -6.3115 -6.31094 3.98741e-05
282 -6.31147 -6.31094 3.9776e-05
283 -6.3115 -6.31095 3.96831e-05
284 -6.3109 -6.31095 3.95438e-05
285 -6.31073 -6.31095 3.94125e-05
286 -6.31133 -6.31095 3.92981e-05
287 -6.31126 -6.31095 3.91768e-05
288 -6.31123 -6.31095 3.90527e-05
289 -6.31173 -6.31095 3.90104e-05
290 -6.31106 -6.31095 3.88776e-05
291 -6.30998 -6.31095 3.88887e-05
292 -6.31065 -6.31095 3.8769e-05
293 -6.31182 -6.31095 3.87505e-05
294 -6.31178 -6.31095 3.87219e-05
295 -6.3117 -6.31096 3.86727e-05
296 -6.31259 -6.31096 3.89351e-05
297 -6.31203 -6.31097 3.89686e-05
298 -6.3125 -6.31097 3.91764e-05
299 -6.31198 -6.31097 3.91902e-05
300 -6.31273 -6.31098 3.94927e-05
301 -6.31153 -6.31098 3.94044e-05
302 -6.31236 -6.31099 3.95379e-05
303 -6.31093 -6.31099 3.94079e-05
304 -6.31138 -6.31099 3.92996e-05
305 -6.312 -6.31099 3.931e-05
306 -6.31198 -6.31099 3.93131e-05
307 -6.3116 -6.311 3.92343e-05
308 -6.3108 -6.31099 3.91122e-05
309 -6.31159 -6.311 3.90333e-05
310 -6.31077 -6.311 3.89143e-05
311 -6.31102 -6.311 3.87893e-05
312 -6.31125 -6.311 3.86736e-05
313 -6.31192 -6.311 3.86631e-05
314 -6.31136 -6.311 3.85568e-05
315 -6.31116 -6.311 3.84378e-05
316 -6.31165 -6.311 3.83715e-05
317 -6.31045 -6.311 3.82903e-05
318 -6.312 -6.31101 3.82977e-05
319 -6.31076 -6.311 3.81857e-05
320 -6.31088 -6.311 3.80684e-05
321 -6.3111 -6.311 3.79509e-05
322 -6.31125 -6.311 3.78405e-05
323 -6.31127 -6.31101 3.77325e-05
324 -6.31232 -6.31101 3.78341e-05
325 -6.31136 -6.31101 3.77334e-05
326 -6.31153 -6.31101 3.76507e-05
327 -6.31108 -6.31101 3.75362e-05
328 -6.31118 -6.31101 3.74252e-05
329 -6.31017 -6.31101 3.73998e-05
330 -6.3121 -6.31101 3.74316e-05
331 -6.31089 -6.31101 3.73203e-05
332 -6.31193 -6.31102 3.73106e-05
333 -6.3103 -6.31101 3.7261e-05
334 -6.31126 -6.31101 3.71567e-05
335 -6.3112 -6.31102 3.70501e-05
336 -6.3119 -6.31102 3.7034e-05
337 -6.31101 -6.31102 3.69241e-05
338 -6.31209 -6.31102 3.69514e-05
339 -6.31226 -6.31102 3.70236e-05
340 -6.31064 -6.31102 3.69316e-05
341 -6.31128 -6.31102 3.68309e-05
342 -6.31137 -6.31103 3.67371e-05
343 -6.31251 -6.31103 3.6885e-05
344 -6.31167 -6.31103 3.68244e-05
345 -6.31239 -6.31104 3.69271e-05
346 -6.31099 -6.31104 3.68206e-05
347 -6.31042 -6.31103 3.67571e-05
348 -6.3122 -6.31104 3.68051e-05
349 -6.3119 -6.31104 3.67831e-05
350 -6.31162 -6.31104 3.67148e-05
