1 5.6965 5.6965 0
2 5.61507 5.65578 0.0287888
3 5.61315 5.64157 0.0224271
4 5.75555 5.67007 0.0298641
5 5.6614 5.66833 0.0239415
6 5.70843 5.67502 0.0208631
7 5.71051 5.68009 0.0184886
8 5.68913 5.68122 0.016212
9 5.7954 5.6939 0.0187282
10 5.66355 5.69087 0.0170995
11 5.70026 5.69172 0.0155663
12 5.61831 5.68561 0.0154244
13 5.75194 5.69071 0.0150583
14 5.64349 5.68734 0.0143554
15 5.73123 5.69026 0.0136934
16 5.58884 5.68392 0.0142292
17 5.67988 5.68369 0.0133942
18 5.65363 5.68202 0.0127537
19 5.69279 5.68258 0.0120951
20 5.71273 5.68409 0.0115839
21 5.55868 5.67812 0.0124771
22 5.67577 5.67801 0.0119104
23 5.65391 5.67696 0.0114386
24 5.74256 5.6797 0.0112838
25 5.72728 5.6816 0.0109918
26 5.73998 5.68384 0.0107959
27 5.72172 5.68525 0.0104868
28 5.65111 5.68403 0.0101829
29 5.64526 5.68269 0.00991912
30 5.73151 5.68432 0.00972106
31 5.71735 5.68538 0.0094657
32 5.63063 5.68367 0.00932325
33 5.7913 5.68693 0.00959427
34 5.67421 5.68656 0.00931938
35 5.65789 5.68574 0.00908905
36 5.69457 5.68599 0.00883989
37 5.78399 5.68864 0.00898903
38 5.69377 5.68877 0.0087535
39 5.70125 5.68909 0.00853489
40 5.79165 5.69165 0.0086981
41 5.70847 5.69206 0.00849562
42 5.63475 5.6907 0.00840222
43 5.70572 5.69105 0.00821408
44 5.66745 5.69051 0.00804489
45 5.61392 5.68881 0.00804415
46 5.66184 5.68822 0.00789062
47 5.62984 5.68698 0.00781989
48 5.65402 5.6863 0.00768708
49 5.75359 5.68767 0.0076519
50 5.80853 5.69009 0.00787142
51 5.6342 5.68899 0.00779297
52 5.72522 5.68969 0.00767418
53 5.6156 5.68829 0.00765564
54 5.69673 5.68845 0.00751546
55 5.77785 5.69007 0.00755258
56 5.71614 5.69054 0.00743204
57 5.69476 5.69061 0.00730203
58 5.74837 5.69161 0.00724372
59 5.72525 5.69218 0.00714335
60 5.65359 5.69153 0.00705318
61 5.74531 5.69242 0.00699243
62 5.84794 5.69492 0.00731577
63 5.6461 5.69415 0.00724058
64 5.62493 5.69307 0.00720777
65 5.69186 5.69305 0.00709691
66 5.67009 5.6927 0.0069979
67 5.78093 5.69402 0.00701626
68 5.6061 5.69272 0.0070312
69 5.70803 5.69295 0.0069328
70 5.74575 5.6937 0.00687468
71 5.71939 5.69406 0.00678737
72 5.82632 5.6959 0.00693721
73 5.81142 5.69748 0.00702034
74 5.76455 5.69839 0.00698372
75 5.73508 5.69888 0.00690771
76 5.7001 5.69889 0.00681684
77 5.72976 5.69929 0.00674009
78 5.72105 5.69957 0.00665944
79 5.68175 5.69935 0.00657897
80 5.60318 5.69815 0.00660565
81 5.71852 5.6984 0.00652889
82 5.72079 5.69867 0.00645497
83 5.69714 5.69865 0.00637723
84 5.6836 5.69847 0.00630383
85 5.63662 5.69774 0.00627153
86 5.62226 5.69687 0.00625972
87 5.65408 5.69638 0.00620706
88 5.64649 5.69581 0.00616236
89 5.67848 5.69561 0.00609619
90 5.6206 5.69478 0.00608518
91 5.6736 5.69455 0.00602276
92 5.74482 5.69509 0.00598203
93 5.64723 5.69458 0.00593981
94 5.69331 5.69457 0.00587663
95 5.69926 5.69461 0.00581498
96 5.69084 5.69458 0.00575454
97 5.67444 5.69437 0.00569896
98 5.69873 5.69441 0.00564098
99 5.73888 5.69486 0.00560185
100 5.73809 5.69529 0.00556248
101 5.72745 5.69561 0.00551652
102 5.63351 5.695 0.00549593
103 5.65606 5.69463 0.00545556
104 5.74286 5.69509 0.00542278
105 5.65784 5.69473 0.00538273
106 5.728 5.69505 0.00534109
107 5.67506 5.69486 0.00529444
108 5.60732 5.69405 0.0053071
109 5.65435 5.69369 0.0052709
110 5.66999 5.69347 0.00522738
111 5.63497 5.69294 0.00520679
112 5.81406 5.69403 0.0052714
113 5.67685 5.69387 0.00522695
114 5.6453 5.69345 0.00519844
115 5.66538 5.6932 0.00515896
116 5.67183 5.69302 0.00511777
117 5.70548 5.69313 0.00507514
118 5.61151 5.69243 0.00507904
119 5.69153 5.69243 0.00503637
120 5.63314 5.69193 0.00501857
121 5.54374 5.69071 0.00512435
122 5.65485 5.69041 0.00509077
123 5.6907 5.69042 0.00504938
124 5.62873 5.68992 0.00503311
125 5.78879 5.69071 0.00505461
126 5.64427 5.69034 0.00502791
127 5.61926 5.68978 0.00501938
128 5.68209 5.68972 0.00498052
129 5.66282 5.68951 0.00494628
130 5.71314 5.68969 0.00491157
131 5.79422 5.69049 0.00493846
132 5.6868 5.69046 0.00490113
133 5.62382 5.68996 0.00488982
134 5.8448 5.69112 0.00498799
135 5.73983 5.69148 0.00496408
136 5.78467 5.69216 0.00497465
137 5.8333 5.6932 0.00504388
138 5.6553 5.69292 0.0050148
139 5.59179 5.69219 0.00503122
140 5.643 5.69184 0.00500753
141 5.60576 5.69123 0.00500909
142 5.68466 5.69118 0.00497403
143 5.66163 5.69098 0.00494354
144 5.77733 5.69158 0.00494545
145 5.68752 5.69155 0.00491142
146 5.65285 5.69128 0.00488493
147 5.6293 5.69086 0.00486986
148 5.71366 5.69102 0.0048394
149 5.66857 5.69087 0.00480926
150 5.68695 5.69084 0.00477727
151 5.6378 5.69049 0.00475853
152 5.67705 5.6904 0.00472804
153 5.7591 5.69085 0.00471841
154 5.76116 5.69131 0.00470981
155 5.62849 5.6909 0.00469683
156 5.70075 5.69096 0.00466715
157 5.68163 5.6909 0.0046378
158 5.73162 5.69116 0.0046156
159 5.66731 5.69101 0.00458901
160 5.68631 5.69098 0.00456042
161 5.60405 5.69044 0.00456395
162 5.78017 5.691 0.00456926
163 5.6522 5.69076 0.00454742
164 5.83602 5.69164 0.00460514
165 5.73178 5.69189 0.00458365
166 5.77394 5.69238 0.00458261
167 5.76934 5.69284 0.00457828
168 5.72535 5.69304 0.00455512
169 5.69613 5.69305 0.0045282
170 5.58152 5.6924 0.00454885
171 5.65271 5.69217 0.00452816
172 5.74148 5.69245 0.0045109
173 5.68736 5.69242 0.00448492
174 5.66447 5.69226 0.00446202
175 5.6817 5.6922 0.00443694
176 5.77327 5.69266 0.00443557
177 5.67794 5.69258 0.00441129
178 5.72182 5.69274 0.00438956
179 5.72807 5.69294 0.00436948
180 5.61507 5.69251 0.00436656
181 5.68596 5.69247 0.00434259
182 5.6377 5.69217 0.00432915
183 5.59705 5.69165 0.00433658
184 5.67622 5.69157 0.00431383
185 5.75377 5.6919 0.00430359
186 5.71351 5.69202 0.00428202
187 5.78606 5.69252 0.00428855
188 5.70139 5.69257 0.004266
189 5.62984 5.69224 0.00425632
190 5.63985 5.69196 0.00424284
191 5.66468 5.69182 0.00422303
192 5.72003 5.69197 0.00420359
193 5.71059 5.69206 0.00418292
194 5.74678 5.69235 0.00417085
195 5.61635 5.69196 0.00416763
196 5.76807 5.69234 0.00416442
197 5.73055 5.69254 0.00414779
198 5.64967 5.69232 0.00413249
199 5.63679 5.69204 0.00412114
200 5.69863 5.69208 0.00410066
201 5.76736 5.69245 0.00409733
202 5.58411 5.69191 0.004112
203 5.63586 5.69164 0.004101
204 5.67169 5.69154 0.00408207
205 5.74429 5.6918 0.00407026
206 5.75858 5.69212 0.00406339
207 5.61145 5.69173 0.0040624
208 5.6292 5.69143 0.00405398
209 5.80244 5.69196 0.00406924
210 5.62675 5.69165 0.00406169
211 5.68419 5.69162 0.00404259
212 5.75407 5.69191 0.00403425
213 5.69452 5.69192 0.00401532
214 5.67534 5.69185 0.00399731
215 5.68693 5.69182 0.00397878
216 5.69872 5.69185 0.00396049
217 5.69536 5.69187 0.00394227
218 5.741 5.6921 0.00393063
219 5.71905 5.69222 0.0039146
220 5.78074 5.69262 0.00391743
221 5.68975 5.69261 0.00389973
222 5.70967 5.69269 0.00388292
223 5.74624 5.69293 0.00387293
224 5.69012 5.69291 0.00385566
225 5.68334 5.69287 0.00383876
226 5.6138 5.69252 0.00383768
227 5.59372 5.69209 0.00384538
228 5.70183 5.69213 0.00382875
229 5.75703 5.69241 0.0038225
230 5.6474 5.69222 0.00381089
231 5.72005 5.69234 0.0037963
232 5.71099 5.69242 0.00378079
233 5.7825 5.6928 0.00378428
234 5.60809 5.69244 0.00378538
235 5.72632 5.69259 0.00377202
236 5.74287 5.6928 0.00376205
237 5.67326 5.69272 0.00374707
238 5.62562 5.69243 0.00374192
239 5.71334 5.69252 0.00372729
240 5.67864 5.69246 0.00371221
241 5.69277 5.69247 0.0036968
242 5.62363 5.69218 0.00369245
243 5.63158 5.69193 0.00368567
244 5.68857 5.69192 0.00367059
245 5.704 5.69197 0.00365594
246 5.58438 5.69153 0.00366714
247 5.65156 5.69137 0.00365587
248 5.67727 5.69131 0.00364157
249 5.64708 5.69113 0.00363127
250 5.77029 5.69145 0.00363053
251 5.72842 5.6916 0.00361905
252 5.66457 5.69149 0.00360628
253 5.72605 5.69163 0.00359461
254 5.69574 5.69164 0.00358049
255 5.72157 5.69176 0.00356837
256 5.66853 5.69167 0.00355559
257 5.71985 5.69178 0.00354344
258 5.70852 5.69184 0.0035303
259 5.74925 5.69207 0.00352363
260 5.75176 5.69229 0.00351754
261 5.7391 5.69247 0.00350864
262 5.69708 5.69249 0.00349529
263 5.68196 5.69245 0.00348223
264 5.73015 5.69259 0.00347196
265 5.73084 5.69274 0.00346186
266 5.67873 5.69269 0.00344925
267 5.76124 5.69294 0.00344587
268 5.7041 5.69298 0.00343327
269 5.64019 5.69279 0.00342611
270 5.71493 5.69287 0.0034144
271 5.59945 5.69253 0.00341916
272 5.73092 5.69267 0.0034095
273 5.62067 5.6924 0.0034072
274 5.69814 5.69242 0.00339483
275 5.72964 5.69256 0.00338518
276 5.7639 5.69282 0.00338277
277 5.69687 5.69283 0.00337059
278 5.72934 5.69296 0.00336102
279 5.81561 5.6934 0.0033776
280 5.61253 5.69311 0.00337786
281 5.58108 5.69272 0.00338929
282 5.7004 5.69274 0.00337738
283 5.69653 5.69276 0.00336547
284 5.59059 5.6924 0.0033728
285 5.69805 5.69242 0.00336102
286 5.64314 5.69224 0.00335368
287 5.6248 5.69201 0.00335022
288 5.60812 5.69172 0.00335123
289 5.72599 5.69184 0.00334173
290 5.7116 5.6919 0.0033309
291 5.73651 5.69206 0.00332298
292 5.63887 5.69188 0.00331659
293 5.77448 5.69216 0.00331723
294 5.73822 5.69231 0.00330964
295 5.62666 5.69209 0.0033059
296 5.66621 5.692 0.00329589
297 5.63922 5.69183 0.00328958
298 5.70586 5.69187 0.00327888
299 5.74165 5.69204 0.00327213
300 5.73903 5.6922 0.00326497
301 5.67946 5.69215 0.0032544
302 5.70004 5.69218 0.00324373
303 5.67855 5.69214 0.00323334
304 5.65793 5.69202 0.00322466
305 5.65788 5.69191 0.00321603
306 5.63647 5.69173 0.00321062
307 5.69667 5.69175 0.0032002
308 5.62344 5.69152 0.00319748
309 5.69581 5.69154 0.00318717
310 5.66233 5.69144 0.00317828
311 5.63486 5.69126 0.00317326
312 5.71257 5.69133 0.00316383
313 5.74203 5.69149 0.00315786
314 5.76148 5.69172 0.00315566
315 5.72043 5.69181 0.00314696
316 5.6775 5.69176 0.00313733
317 5.73318 5.69189 0.00313015
318 5.61358 5.69165 0.00312998
319 5.60679 5.69138 0.00313145
320 5.69926 5.6914 0.00312176
321 5.71987 5.69149 0.00311329
322 5.65991 5.69139 0.00310517
323 5.81629 5.69178 0.00311954
324 5.65599 5.69167 0.00311187
325 5.74992 5.69185 0.00310745
326 5.69859 5.69187 0.00309799
327 5.81079 5.69223 0.00310978
328 5.66815 5.69216 0.00310117
329 5.60415 5.69189 0.00310326
330 5.7226 5.69199 0.00309525
331 5.64553 5.69185 0.00308908
332 5.61529 5.69162 0.00308837
333 5.66432 5.69153 0.00308018
334 5.59547 5.69125 0.00308436
335 5.74537 5.69141 0.00307938
336 5.60553 5.69115 0.00308081
337 5.74221 5.6913 0.00307539
338 5.65927 5.69121 0.00306775
339 5.79272 5.69151 0.00307328
340 5.6749 5.69146 0.00306463
341 5.73356 5.69158 0.00305813
342 5.67596 5.69154 0.00304953
343 5.62508 5.69134 0.00304678
344 5.64381 5.69121 0.00304106
345 5.66685 5.69113 0.00303306
346 5.74773 5.6913 0.0030287
347 5.67678 5.69126 0.00302027
348 5.64901 5.69114 0.00301403
349 5.70447 5.69117 0.00300563
350 5.71283 5.69124 0.00299768
