1 5.80401 5.80401 0
2 5.87229 5.83815 0.0241402
3 5.86255 5.84628 0.0174088
4 5.87431 5.85329 0.014398
5 5.87046 5.85672 0.0119206
6 5.86242 5.85767 0.00997155
7 5.851 5.85672 0.00859243
8 5.8189 5.85199 0.00872268
9 5.86143 5.85304 0.00781628
10 5.85783 5.85352 0.00704929
11 5.81322 5.84986 0.00729871
12 5.86703 5.85129 0.0068294
13 5.8497 5.85117 0.00630515
14 5.84619 5.85081 0.0058648
15 5.90437 5.85438 0.00647021
16 5.85451 5.85439 0.00606583
17 5.85071 5.85417 0.00571287
18 5.92202 5.85794 0.00652143
19 5.81421 5.85564 0.00657183
20 5.84849 5.85528 0.00625295
21 5.86383 5.85569 0.00596842
22 5.91164 5.85823 0.00621532
23 5.78 5.85483 0.00681257
24 5.88822 5.85622 0.00666923
25 5.87684 5.85705 0.00645326
26 5.87419 5.85771 0.00623864
27 5.80919 5.85591 0.00626103
28 5.88024 5.85678 0.0060974
29 5.83595 5.85606 0.00592929
30 5.85099 5.85589 0.00573405
31 5.8321 5.85512 0.00560022
32 5.86918 5.85556 0.00544242
33 5.85353 5.8555 0.00527784
34 5.84387 5.85516 0.00513369
35 5.8894 5.85614 0.00507939
36 5.87545 5.85667 0.00496654
37 5.81356 5.85551 0.00496715
38 5.87743 5.85609 0.00486982
39 5.86409 5.85629 0.00474928
40 5.85831 5.85634 0.00463082
41 5.82131 5.85549 0.004596
42 5.81852 5.85461 0.00457007
43 5.8454 5.85439 0.00446881
44 5.92254 5.85594 0.00462789
45 5.80695 5.85485 0.00465137
46 5.85942 5.85495 0.00455131
47 5.83553 5.85454 0.00447319
48 5.83415 5.85411 0.00440013
49 5.87423 5.85453 0.00432945
50 5.83392 5.85411 0.00426243
51 5.86233 5.85427 0.0041819
52 5.86551 5.85449 0.00410705
53 5.80839 5.85362 0.00412065
54 5.87107 5.85394 0.00405698
55 5.82369 5.85339 0.00402033
56 5.84395 5.85322 0.00395207
57 5.8487 5.85315 0.00388353
58 5.8441 5.85299 0.00381971
59 5.83156 5.85263 0.00377219
60 5.84622 5.85252 0.00371084
61 5.88206 5.853 0.00368147
62 5.83751 5.85275 0.00363057
63 5.82985 5.85239 0.0035911
64 5.83697 5.85215 0.00354306
65 5.84381 5.85202 0.00349088
66 5.89003 5.8526 0.00348517
67 5.84072 5.85242 0.00343766
68 5.84929 5.85237 0.00338741
69 5.87581 5.85271 0.00335531
70 5.83212 5.85242 0.00332025
71 5.86509 5.8526 0.00327828
72 5.8625 5.85274 0.00323563
73 5.79215 5.85191 0.00329602
74 5.85285 5.85192 0.00325151
75 5.88996 5.85243 0.00324748
76 5.84518 5.85233 0.00320615
77 5.85796 5.8524 0.00316534
78 5.83016 5.85212 0.00313758
79 5.8707 5.85235 0.00310667
80 5.85145 5.85234 0.00306786
81 5.86258 5.85247 0.00303259
82 5.79541 5.85177 0.00307439
83 5.8704 5.852 0.00304553
84 5.86598 5.85216 0.00301382
85 5.86857 5.85236 0.00298454
86 5.82244 5.85201 0.00297005
87 5.81249 5.85155 0.00297043
88 5.83731 5.85139 0.00294109
89 5.89223 5.85185 0.00294362
90 5.88212 5.85219 0.00293006
91 5.90737 5.85279 0.00295993
92 5.79865 5.85221 0.0029857
93 5.86582 5.85235 0.00295718
94 5.81467 5.85195 0.00295276
95 5.81916 5.85161 0.00294178
96 5.84534 5.85154 0.00291186
97 5.81865 5.8512 0.00290152
98 5.85842 5.85128 0.00287285
99 5.84864 5.85125 0.00284395
100 5.86664 5.8514 0.00281968
101 5.85314 5.85142 0.00279181
102 5.85158 5.85142 0.00276444
103 5.81973 5.85111 0.00275467
104 5.86841 5.85128 0.00273321
105 5.92022 5.85194 0.00278492
106 5.79805 5.85143 0.00280466
107 5.83407 5.85127 0.00278313
108 5.83823 5.85115 0.00275998
109 5.85412 5.85117 0.00273479
110 5.86318 5.85128 0.00271211
111 5.87338 5.85148 0.00269498
112 5.85261 5.85149 0.00267093
113 5.83055 5.85131 0.00265372
114 5.86024 5.85138 0.00263159
115 5.84583 5.85134 0.00260916
116 5.85082 5.85133 0.00258667
117 5.82409 5.8511 0.00257501
118 5.88014 5.85134 0.00256492
119 5.84942 5.85133 0.00254342
120 5.86484 5.85144 0.00252472
121 5.8547 5.85147 0.00250399
122 5.89245 5.8518 0.0025059
123 5.83233 5.85165 0.00249053
124 5.81089 5.85132 0.00249203
125 5.92008 5.85187 0.00253209
126 5.84068 5.85178 0.00251355
127 5.83192 5.85162 0.00249862
128 5.87758 5.85182 0.00248732
129 5.80655 5.85147 0.00249267
130 5.85978 5.85154 0.00247431
131 5.85488 5.85156 0.00245556
132 5.86339 5.85165 0.00243859
133 5.86417 5.85175 0.00242207
134 5.86333 5.85183 0.00240554
135 5.83795 5.85173 0.00238992
136 5.8608 5.8518 0.00237327
137 5.82282 5.85159 0.00236535
138 5.8536 5.8516 0.00234826
139 5.81123 5.85131 0.00234926
140 5.90543 5.8517 0.00236406
141 5.85698 5.85173 0.00234759
142 5.84639 5.8517 0.00233136
143 5.89098 5.85197 0.00233119
144 5.8257 5.85179 0.00232213
145 5.8182 5.85156 0.00231764
146 5.85412 5.85157 0.00230183
147 5.87044 5.8517 0.00228975
148 5.86944 5.85182 0.00227741
149 5.85952 5.85187 0.00226271
150 5.81621 5.85164 0.00226008
151 5.85072 5.85163 0.00224512
152 5.90758 5.852 0.00226032
153 5.87081 5.85212 0.00224889
154 5.84548 5.85208 0.0022347
155 5.83731 5.85198 0.00222231
156 5.88318 5.85218 0.00221705
157 5.84959 5.85217 0.00220299
158 5.83362 5.85205 0.00219217
159 5.9202 5.85248 0.00221989
160 5.80875 5.8522 0.00222278
161 5.83624 5.8521 0.00221118
162 5.84493 5.85206 0.00219798
163 5.827 5.85191 0.00218986
164 5.83159 5.85178 0.00218001
165 5.79954 5.85147 0.00218967
166 5.88295 5.85166 0.00218468
167 5.80392 5.85137 0.00219022
168 5.8156 5.85116 0.00218751
169 5.85454 5.85118 0.00217465
170 5.87781 5.85133 0.0021675
171 5.81628 5.85113 0.00216449
172 5.87058 5.85124 0.00215486
173 5.83159 5.85113 0.0021454
174 5.88573 5.85133 0.00214226
175 5.85785 5.85136 0.00213035
176 5.80652 5.85111 0.00213343
177 5.88657 5.85131 0.00213076
178 5.83918 5.85124 0.00211988
179 5.8272 5.85111 0.00211229
180 5.8857 5.8513 0.00210928
181 5.78239 5.85092 0.00213171
182 5.82067 5.85075 0.00212647
183 5.85372 5.85077 0.00211491
184 5.88056 5.85093 0.0021096
185 5.83242 5.85083 0.00210057
186 5.85486 5.85085 0.00208939
187 5.84679 5.85083 0.00207833
188 5.8657 5.85091 0.00206878
189 5.86406 5.85098 0.002059
190 5.83759 5.85091 0.00204937
191 5.87766 5.85105 0.00204342
192 5.87974 5.8512 0.00203823
193 5.84435 5.85116 0.00202798
194 5.84755 5.85114 0.00201761
195 5.8412 5.85109 0.00200791
196 5.81936 5.85093 0.00200418
197 5.85584 5.85096 0.00199417
198 5.82936 5.85085 0.00198707
199 5.89124 5.85105 0.00198743
200 5.82706 5.85093 0.00198111
201 5.85287 5.85094 0.00197128
202 5.84291 5.8509 0.00196192
203 5.90857 5.85118 0.00197272
204 5.81991 5.85103 0.00196899
205 5.86268 5.85109 0.00196021
206 5.86627 5.85116 0.00195208
207 5.86055 5.85121 0.00194317
208 5.86407 5.85127 0.00193482
209 5.80817 5.85106 0.00193652
210 5.91412 5.85136 0.00195044
211 5.83387 5.85128 0.00194295
212 5.81028 5.85109 0.00194339
213 5.8701 5.85118 0.00193632
214 5.89018 5.85136 0.00193583
215 5.82488 5.85123 0.00193074
216 5.82154 5.8511 0.00192669
217 5.85718 5.85113 0.00191801
218 5.83458 5.85105 0.00191072
219 5.86343 5.85111 0.00190283
220 5.85132 5.85111 0.00189418
221 5.87558 5.85122 0.00188884
222 5.86868 5.8513 0.00188197
223 5.83767 5.85124 0.00187452
224 5.8912 5.85141 0.00187462
225 5.84231 5.85137 0.00186673
226 5.88292 5.85151 0.00186368
227 5.8242 5.85139 0.00185935
228 5.86323 5.85144 0.00185192
229 5.80409 5.85124 0.00185534
230 5.82238 5.85111 0.00185151
231 5.86319 5.85116 0.00184424
232 5.86045 5.8512 0.00183672
233 5.82692 5.8511 0.00183179
234 5.84471 5.85107 0.00182417
235 5.81993 5.85094 0.00182122
236 5.85014 5.85094 0.0018135
237 5.81064 5.85077 0.0018138
238 5.84303 5.85073 0.00180647
239 5.80367 5.85054 0.00180961
240 5.89053 5.8507 0.00180973
241 5.83199 5.85063 0.00180389
242 5.85237 5.85063 0.00179645
243 5.86887 5.85071 0.00179062
244 5.83548 5.85065 0.00178437
245 5.85523 5.85066 0.00177719
246 5.81688 5.85053 0.00177526
247 5.89641 5.85071 0.00177777
248 5.78708 5.85046 0.00178902
249 5.91584 5.85072 0.001801
250 5.78545 5.85046 0.00181263
251 5.87583 5.85056 0.00180822
252 5.83525 5.8505 0.00180207
253 5.86182 5.85054 0.0017955
254 5.80734 5.85037 0.00179647
255 5.80836 5.85021 0.00179696
256 5.87197 5.85029 0.00179195
257 5.88491 5.85043 0.00179004
258 5.84757 5.85042 0.00178313
259 5.83587 5.85036 0.00177713
260 5.83566 5.8503 0.0017712
261 5.8302 5.85023 0.00176608
262 5.8779 5.85033 0.0017625
263 5.8128 5.85019 0.00176157
264 5.85971 5.85023 0.00175526
265 5.81597 5.8501 0.00175339
266 5.8516 5.8501 0.00174681
267 5.8067 5.84994 0.00174782
268 5.86173 5.84998 0.00174185
269 5.85633 5.85001 0.00173553
270 5.82394 5.84991 0.00173179
271 5.84024 5.84988 0.00172577
272 5.84933 5.84987 0.00171942
273 5.83175 5.84981 0.0017144
274 5.86105 5.84985 0.00170864
275 5.88778 5.84999 0.00170798
276 5.81037 5.84984 0.00170782
277 5.86195 5.84989 0.00170221
278 5.8641 5.84994 0.00169685
279 5.8693 5.85001 0.00169219
280 5.86472 5.85006 0.00168696
281 5.83227 5.85 0.00168215
282 5.87354 5.85008 0.00167825
283 5.84089 5.85005 0.00167263
284 5.85342 5.85006 0.00166679
285 5.85168 5.85006 0.00166095
286 5.83823 5.85002 0.00165566
287 5.84776 5.85002 0.00164991
288 5.84325 5.84999 0.00164435
289 5.84946 5.84999 0.00163866
290 5.84377 5.84997 0.00163315
291 5.84805 5.84996 0.00162755
292 5.88893 5.8501 0.00162743
293 5.87811 5.85019 0.00162469
294 5.82852 5.85012 0.00162083
295 5.85447 5.85013 0.0016154
296 5.81651 5.85002 0.00161394
297 5.84296 5.84999 0.00160868
298 5.89162 5.85013 0.00160933
299 5.81377 5.85001 0.00160854
300 5.80607 5.84987 0.00160983
301 5.87584 5.84995 0.00160679
302 5.8499 5.84995 0.00160147
303 5.83607 5.84991 0.00159684
304 5.86248 5.84995 0.00159213
305 5.87426 5.85003 0.0015889
306 5.82262 5.84994 0.00158623
307 5.84886 5.84993 0.00158107
308 5.83662 5.84989 0.00157652
309 5.8595 5.84992 0.00157173
310 5.83289 5.84987 0.00156762
311 5.83657 5.84982 0.00156316
312 5.84343 5.8498 0.00155829
313 5.81916 5.84971 0.00155638
314 5.83995 5.84968 0.00155173
315 5.85671 5.8497 0.00154697
316 5.87534 5.84978 0.0015442
317 5.86536 5.84983 0.00154011
318 5.86476 5.84987 0.00153598
319 5.86544 5.84992 0.00153194
320 5.83301 5.84987 0.00152807
321 5.83366 5.84982 0.00152414
322 5.85555 5.84984 0.00151951
323 5.85091 5.84984 0.00151481
324 5.85531 5.84986 0.00151023
325 5.84603 5.84985 0.00150563
326 5.86269 5.84989 0.00150153
327 5.8243 5.84981 0.00149897
328 5.85425 5.84982 0.00149446
329 5.86893 5.84988 0.00149105
330 5.82492 5.8498 0.00148845
331 5.88274 5.8499 0.00148727
332 5.83668 5.84986 0.00148333
333 5.88168 5.84996 0.00148194
334 5.87047 5.85002 0.00147878
335 5.81429 5.84991 0.00147821
336 5.89329 5.85004 0.00147943
337 5.85633 5.85006 0.00147516
338 5.82959 5.85 0.00147204
339 5.87086 5.85006 0.00146898
340 5.88214 5.85016 0.00146769
341 5.87368 5.85023 0.00146501
342 5.87343 5.85029 0.00146229
343 5.8512 5.8503 0.00145803
344 5.83528 5.85025 0.00145445
345 5.84183 5.85023 0.00145044
346 5.85746 5.85025 0.00144639
347 5.83986 5.85022 0.00144254
348 5.87503 5.85029 0.00144015
349 5.88248 5.85038 0.00143898
350 5.86912 5.85044 0.00143586
