2 12.2961
3 12.0143
4 11.364
5 11.0089
6 10.1356
7 9.85651
8 9.55685
9 8.86573
10 8.86573
11 8.46955
12 8.37007
13 8.1268
14 7.90747
15 7.77539
16 7.77409
17 7.74955
18 7.74045
19 7.65112
20 7.45298
21 7.45298
22 7.43255
23 7.33048
24 7.33048
25 7.2808
26 7.23128
27 7.22549
28 7.22549
29 7.17444
30 7.09303
31 7.09303
32 7.09303
33 7.09064
34 7.0554
35 7.0554
36 7.0554
37 7.0554
38 7.03911
39 7.03911
40 7.03911
41 7.03911
42 7.03911
43 7.03911
44 7.03911
45 7.03911
46 6.99385
47 6.99385
48 6.99385
49 6.99385
50 6.99385
51 6.99385
52 6.99385
53 6.99385
54 6.99385
55 6.98435
56 6.98435
57 6.98435
58 6.98435
59 6.98435
60 6.98435
61 6.98435
62 6.98435
63 6.98435
64 6.98435
65 6.98435
66 6.9708
67 6.9708
68 6.9708
69 6.9708
70 6.9708
71 6.9708
72 6.9708
73 6.9708
74 6.9708
75 6.9708
76 6.9708
77 6.9708
78 6.91402
79 6.91402
80 6.91402
81 6.91402
82 6.91402
83 6.91402
84 6.91402
85 6.90114
86 6.90114
87 6.90114
88 6.90114
89 6.90114
90 6.86981
91 6.83801
92 6.83801
93 6.83801
94 6.83801
95 6.83801
96 6.83801
97 6.83801
98 6.83801
99 6.83801
100 6.83801
101 6.83801
102 6.83801
103 6.83801
104 6.83801
105 6.83801
106 6.83801
107 6.83801
108 6.8208
109 6.76575
110 6.74846
111 6.74846
112 6.74846
113 6.74846
114 6.74846
115 6.73848
116 6.73848
117 6.73848
118 6.73848
119 6.73848
120 6.73848
121 6.73848
122 6.73848
123 6.73848
124 6.73848
125 6.73848
126 6.63401
127 6.63401
128 6.63401
129 6.63401
130 6.63401
131 6.63401
132 6.63401
133 6.63401
134 6.63401
135 6.63401
136 6.63401
137 6.63401
138 6.63401
139 6.63401
140 6.63401
141 6.63401
142 6.63401
143 6.63401
144 6.62672
145 6.62672
146 6.62672
147 6.62672
148 6.62672
149 6.62672
150 6.62672
151 6.62672
152 6.62672
153 6.62672
154 6.62672
155 6.62672
156 6.62672
157 6.62672
158 6.62672
159 6.62672
160 6.53684
161 6.53684
162 6.53684
163 6.53684
164 6.53684
165 6.53684
166 6.53684
167 6.53684
168 6.53684
169 6.53684
170 6.53684
171 6.53684
172 6.53684
173 6.53684
174 6.53684
175 6.53684
176 6.53684
177 6.53684
178 6.53684
179 6.53684
180 6.53684
181 6.53684
182 6.53684
183 6.53684
184 6.53684
185 6.53684
186 6.53684
187 6.53684
188 6.53684
189 6.53684
190 6.53684
191 6.53684
192 6.53684
193 6.53684
194 6.53684
195 6.53684
196 6.53684
197 6.53684
198 6.53684
199 6.53684
200 6.53684
201 6.53684
202 6.53684
203 6.53684
204 6.53684
205 6.53684
206 6.53684
207 6.53684
208 6.53684
209 6.53684
210 6.53684
211 6.53684
212 6.53684
213 6.53684
214 6.53684
215 6.53684
216 6.53684
217 6.53684
218 6.53684
219 6.53684
220 6.53684
221 6.53684
222 6.53684
223 6.53684
224 6.53684
225 6.53684
226 6.53684
227 6.53684
228 6.53684
229 6.53684
230 6.53684
231 6.53684
232 6.53684
233 6.53684
234 6.53684
235 6.53684
236 6.53684
237 6.53684
238 6.53684
239 6.53684
240 6.53684
241 6.53684
242 6.53684
243 6.53684
244 6.53684
245 6.53684
246 6.53684
247 6.53684
248 6.53684
249 6.53684
250 6.53684
251 6.53684
252 6.53684
253 6.53684
254 6.53684
255 6.53684
256 6.53684
257 6.53684
258 6.53684
259 6.53684
260 6.53684
261 6.53684
262 6.53684
263 6.53684
264 6.53684
265 6.53684
266 6.53684
267 6.53684
268 6.53684
269 6.53684
270 6.53684
271 6.53684
272 6.53684
273 6.53684
274 6.53684
275 6.53684
276 6.53684
277 6.53684
278 6.53684
279 6.53684
280 6.53684
281 6.53684
282 6.53684
283 6.53684
284 6.53684
285 6.53684
286 6.53684
287 6.53684
288 6.53684
289 6.53684
290 6.53684
291 6.53684
292 6.53684
293 6.53684
294 6.53684
295 6.53684
296 6.53684
297 6.53684
298 6.53684
299 6.53684
300 6.53684
301 6.53684
302 6.53684
303 6.53684
304 6.53684
305 6.53684
306 6.53684
307 6.53684
308 6.53684
309 6.53684
310 6.53684
311 6.53684
312 6.53684
313 6.53684
314 6.53684
315 6.53684
316 6.53684
317 6.53684
318 6.53684
319 6.53684
320 6.53684
321 6.53684
322 6.53684
323 6.53684
324 6.53684
325 6.53684
326 6.53684
327 6.53684
328 6.53684
329 6.53684
330 6.53684
331 6.53684
332 6.53684
333 6.53684
334 6.53684
335 6.53684
336 6.53684
337 6.53684
338 6.53684
339 6.53684
340 6.53684
341 6.53684
342 6.53684
343 6.53684
344 6.53684
345 6.53684
346 6.53684
347 6.53684
348 6.53684
349 6.53684
350 6.53684
351 6.53684
352 6.53684
353 6.53684
354 6.53684
355 6.53684
356 6.53684
357 6.53684
358 6.53684
359 6.53684
360 6.53684
361 6.53684
362 6.53684
363 6.53684
364 6.53684
365 6.53684
366 6.53684
367 6.53684
368 6.53684
369 6.53684
370 6.53684
371 6.53684
372 6.53684
373 6.53684
374 6.53684
375 6.53684
376 6.53684
377 6.53684
378 6.53684
379 6.53684
380 6.53684
381 6.53684
382 6.53684
383 6.53684
384 6.53684
385 6.53684
386 6.53684
387 6.53684
388 6.53684
389 6.53684
390 6.53684
391 6.53684
392 6.53684
393 6.53684
394 6.53684
395 6.53684
396 6.53684
397 6.53684
398 6.53684
399 6.53684
400 6.53684
401 6.53684
402 6.53684
403 6.53684
404 6.53684
405 6.53684
406 6.53684
407 6.53684
408 6.53684
409 6.53684
410 6.53684
411 6.53684
412 6.53684
413 6.53684
414 6.53684
415 6.53684
416 6.53684
417 6.53684
418 6.53684
419 6.53684
420 6.53684
421 6.53684
422 6.53684
423 6.53684
424 6.53684
425 6.53684
426 6.53684
427 6.53684
428 6.53684
429 6.53684
430 6.53684
431 6.53684
432 6.53684
433 6.53684
434 6.53684
435 6.53684
436 6.53684
437 6.53684
438 6.53684
439 6.53684
440 6.53684
441 6.53684
442 6.53684
443 6.53684
444 6.53684
445 6.53684
446 6.53684
447 6.53684
448 6.53684
449 6.53684
450 6.53684
451 6.53684
452 6.53684
453 6.53684
454 6.53684
455 6.53684
456 6.53684
457 6.53684
458 6.53684
459 6.53684
460 6.53684
461 6.53684
462 6.53684
463 6.53684
464 6.53684
465 6.53684
466 6.53684
467 6.53684
468 6.53684
469 6.53684
470 6.53684
471 6.53684
472 6.53684
473 6.53684
474 6.53684
475 6.53684
476 6.53684
477 6.53684
478 6.53684
479 6.53684
480 6.53684
481 6.53684
482 6.53684
483 6.53684
484 6.53684
485 6.53684
486 6.53684
487 6.53684
488 6.53684
489 6.53684
490 6.53684
491 6.53684
492 6.53684
493 6.53684
494 6.53684
495 6.53684
496 6.53684
497 6.53684
498 6.53684
499 6.53684
500 6.53684
501 6.53684
502 6.53684
503 6.53684
504 6.53684
505 6.53684
506 6.53684
507 6.53684
508 6.53684
509 6.53684
510 6.53684
511 6.53684
512 6.53684
513 6.53684
514 6.53684
515 6.53684
516 6.53684
517 6.53684
518 6.53684
519 6.53684
520 6.53684
521 6.53684
522 6.53684
523 6.53684
524 6.53684
525 6.53684
526 6.53684
527 6.53684
528 6.53684
529 6.53684
530 6.53684
531 6.53684
532 6.53684
533 6.53684
534 6.53684
535 6.53684
536 6.53684
537 6.53684
538 6.53684
539 6.53684
540 6.53684
541 6.53684
542 6.43132
543 6.43132
544 6.43132
545 6.43132
546 6.43132
547 6.43132
548 6.43132
549 6.43132
550 6.43132
551 6.43132
552 6.43132
553 6.43132
554 6.43132
555 6.43132
556 6.43132
557 6.43132
558 6.43132
559 6.43132
560 6.43132
561 6.43132
562 6.43132
563 6.43132
564 6.43132
565 6.43132
566 6.43132
567 6.43132
568 6.43132
569 6.43132
570 6.43132
571 6.43132
572 6.43132
573 6.43132
574 6.43132
575 6.43132
576 6.43132
577 6.43132
578 6.43132
579 6.43132
580 6.43132
581 6.43132
582 6.43132
583 6.43132
584 6.43132
585 6.43132
586 6.43132
587 6.43132
588 6.43132
589 6.43132
590 6.43132
591 6.43132
592 6.43132
593 6.43132
594 6.43132
595 6.43132
596 6.43132
597 6.42191
598 6.42191
599 6.42191
600 6.42191
601 6.42191
602 6.42191
603 6.42191
604 6.42191
605 6.42191
606 6.42191
607 6.42191
608 6.42191
609 6.42191
610 6.42191
611 6.42191
612 6.42191
613 6.42191
614 6.42191
615 6.42191
616 6.42191
617 6.42191
618 6.42191
619 6.42191
620 6.42191
621 6.42191
622 6.42191
623 6.42191
624 6.42191
625 6.42191
626 6.42191
627 6.42191
628 6.42191
629 6.42191
630 6.42191
631 6.42191
632 6.42191
633 6.42191
634 6.42191
635 6.42191
636 6.42191
637 6.42191
638 6.42191
639 6.42191
640 6.42191
641 6.42191
642 6.42191
643 6.42191
644 6.42191
645 6.42191
646 6.42191
647 6.42191
648 6.42191
649 6.42191
650 6.42191
651 6.42191
652 6.42191
653 6.42191
654 6.42191
655 6.42191
656 6.42191
657 6.42191
658 6.42191
659 6.42191
660 6.42191
661 6.42191
662 6.42191
663 6.42191
664 6.42191
665 6.42191
666 6.42191
667 6.42191
668 6.42191
669 6.42191
670 6.42191
671 6.42191
672 6.42191
673 6.42191
674 6.42191
675 6.42191
676 6.42191
677 6.42191
678 6.42191
679 6.42191
680 6.42191
681 6.42191
682 6.42191
683 6.42191
684 6.42191
685 6.42191
686 6.42191
687 6.42191
688 6.42191
689 6.42191
690 6.42191
691 6.42191
692 6.42191
693 6.42191
694 6.42191
695 6.42191
696 6.42191
697 6.42191
698 6.42191
699 6.42191
700 6.42191
701 6.42191
702 6.42191
703 6.42191
704 6.42191
705 6.42191
706 6.42191
707 6.42191
708 6.42191
709 6.42191
710 6.42191
711 6.42191
712 6.42191
713 6.42191
714 6.42191
715 6.42191
716 6.42191
717 6.42191
718 6.42191
719 6.42191
720 6.42191
721 6.42191
722 6.42191
723 6.42191
724 6.42191
725 6.42191
726 6.42191
727 6.42191
728 6.42191
729 6.42191
730 6.42191
731 6.42191
732 6.42191
733 6.42191
734 6.42191
735 6.42191
736 6.42191
737 6.42191
738 6.42191
739 6.42191
740 6.42191
741 6.42191
742 6.42191
743 6.42191
744 6.42191
745 6.42191
746 6.42191
747 6.42191
748 6.42191
749 6.42191
750 6.42191
751 6.42191
752 6.42191
753 6.42191
754 6.42191
755 6.42191
756 6.42191
757 6.42191
758 6.42191
759 6.42191
760 6.42191
761 6.42191
762 6.42191
763 6.42191
764 6.42191
765 6.42191
766 6.42191
767 6.42191
768 6.42191
769 6.42191
770 6.42191
771 6.42191
772 6.42191
773 6.42191
774 6.42191
775 6.42191
776 6.42191
777 6.42191
778 6.42191
779 6.42191
780 6.42191
781 6.42191
782 6.42191
783 6.42191
784 6.42191
785 6.42191
786 6.42191
787 6.42191
788 6.42191
789 6.42191
790 6.42191
791 6.42191
792 6.42191
793 6.42191
794 6.42191
795 6.42191
796 6.42191
797 6.42191
798 6.42191
799 6.42191
800 6.42191
801 6.42191
802 6.42191
803 6.42191
804 6.42191
805 6.42191
806 6.42191
807 6.42191
808 6.42191
809 6.42191
810 6.42191
811 6.42191
812 6.42191
813 6.42191
814 6.42191
815 6.42191
816 6.42191
817 6.42191
818 6.42191
819 6.42191
820 6.42191
821 6.42191
822 6.42191
823 6.42191
824 6.42191
825 6.42191
826 6.42191
827 6.42191
828 6.42191
829 6.42191
830 6.42191
831 6.42191
832 6.42191
833 6.42191
834 6.42191
835 6.42191
836 6.42191
837 6.42191
838 6.42191
839 6.42191
840 6.42191
841 6.42191
842 6.42191
843 6.42191
844 6.42191
845 6.42191
846 6.42191
847 6.42191
848 6.42191
849 6.42191
850 6.42191
851 6.42191
852 6.42191
853 6.42191
854 6.42191
855 6.42191
856 6.42191
857 6.42191
858 6.42191
859 6.42191
860 6.42191
861 6.42191
862 6.42191
863 6.42191
864 6.42191
865 6.42191
866 6.42191
867 6.42191
868 6.42191
869 6.42191
870 6.42191
871 6.42191
872 6.42191
873 6.42191
874 6.42191
875 6.42191
876 6.42191
877 6.42191
878 6.42191
879 6.42191
880 6.42191
881 6.42191
882 6.42191
883 6.42191
884 6.42191
885 6.42191
886 6.42191
887 6.42191
888 6.42191
889 6.42191
890 6.42191
891 6.42191
892 6.42191
893 6.42191
894 6.42191
895 6.42191
896 6.42191
897 6.42191
898 6.42191
899 6.42191
900 6.42191
901 6.42191
902 6.42191
903 6.42191
904 6.42191
905 6.42191
906 6.42191
907 6.42191
908 6.42191
909 6.42191
910 6.42191
911 6.42191
912 6.42191
913 6.42191
914 6.42191
915 6.42191
916 6.42191
917 6.42191
918 6.42191
919 6.42191
920 6.42191
921 6.42191
922 6.42191
923 6.42191
924 6.42191
925 6.42191
926 6.42191
927 6.42191
928 6.42191
929 6.42191
930 6.42191
931 6.42191
932 6.42191
933 6.42191
934 6.42191
935 6.42191
936 6.42191
937 6.42191
938 6.42191
939 6.42191
940 6.42191
941 6.42191
942 6.42191
943 6.42191
944 6.42191
945 6.42191
946 6.42191
947 6.42191
948 6.42191
949 6.42191
950 6.42191
951 6.42191
952 6.42191
953 6.42191
954 6.42191
955 6.42191
956 6.42191
957 6.42191
958 6.42191
959 6.42191
960 6.42191
961 6.42191
962 6.42191
963 6.42191
964 6.42191
965 6.42191
966 6.42191
967 6.42191
968 6.42191
969 6.42191
970 6.42191
971 6.42191
972 6.42191
973 6.42191
974 6.42191
975 6.42191
976 6.42191
977 6.42191
978 6.42191
979 6.42191
980 6.42191
981 6.42191
982 6.42191
983 6.42191
984 6.42191
985 6.42191
986 6.42191
987 6.42191
988 6.42191
989 6.42191
990 6.42191
991 6.42191
992 6.42191
993 6.42191
994 6.42191
995 6.36844
996 6.36844
997 6.36844
998 6.36844
999 6.36844
1000 6.36844
1001 6.36844
1002 6.36844
1003 6.36844
1004 6.36844
1005 6.36844
1006 6.36844
1007 6.36844
1008 6.36844
1009 6.36844
1010 6.36844
1011 6.36844
1012 6.36844
1013 6.36844
1014 6.36844
1015 6.36844
1016 6.36844
1017 6.36844
1018 6.36844
1019 6.36844
1020 6.36844
1021 6.36844
1022 6.36844
1023 6.36844
1024 6.36844
1025 6.36844
1026 6.36844
1027 6.36844
1028 6.36844
1029 6.36844
1030 6.36844
1031 6.36844
1032 6.36844
1033 6.36844
1034 6.36844
1035 6.36844
1036 6.36844
1037 6.36844
1038 6.36844
1039 6.36844
1040 6.36844
1041 6.36844
1042 6.36844
1043 6.36844
1044 6.36844
1045 6.36844
1046 6.36844
1047 6.36844
1048 6.36844
1049 6.36844
1050 6.36844
1051 6.36844
1052 6.36844
1053 6.35903
1054 6.35903
1055 6.35903
1056 6.35903
1057 6.35903
1058 6.35903
1059 6.35903
1060 6.35903
1061 6.35903
1062 6.35903
1063 6.35903
1064 6.35903
1065 6.35903
1066 6.35903
1067 6.35903
1068 6.35903
1069 6.35903
1070 6.35903
1071 6.35903
1072 6.35903
1073 6.35903
1074 6.35903
1075 6.35903
1076 6.35903
1077 6.35903
1078 6.35903
1079 6.35903
1080 6.35903
1081 6.35903
1082 6.35903
1083 6.35903
1084 6.35903
1085 6.35903
1086 6.35903
1087 6.35903
1088 6.35903
1089 6.35903
1090 6.35903
1091 6.35903
1092 6.35903
1093 6.35903
1094 6.35903
1095 6.35903
1096 6.35903
1097 6.35903
1098 6.35903
1099 6.35903
1100 6.35903
1101 6.35903
1102 6.35903
1103 6.35903
1104 6.35903
1105 6.35903
1106 6.35903
1107 6.35903
1108 6.35903
1109 6.35903
1110 6.35903
1111 6.35903
1112 6.35903
1113 6.35903
1114 6.35903
1115 6.35903
1116 6.35903
1117 6.35903
1118 6.35903
1119 6.35903
1120 6.35903
1121 6.35903
1122 6.35903
1123 6.35903
1124 6.35903
1125 6.35903
1126 6.35903
1127 6.35903
1128 6.35903
1129 6.35903
1130 6.35903
1131 6.35903
1132 6.35903
1133 6.35903
1134 6.35903
1135 6.35903
1136 6.35903
1137 6.35903
1138 6.35903
1139 6.35903
1140 6.35903
1141 6.35903
1142 6.31587
1143 5.9907
1144 5.9907
1145 5.9907
1146 5.9907
1147 5.9907
1148 5.9907
1149 5.9907
1150 5.9907
1151 5.72145
1152 5.68711
1153 5.47762
1154 5.25766
1155 5.25766
1156 5.21415
1157 5.21415
1158 5.21415
1159 5.21415
1160 5.21415
1161 5.21415
1162 5.21415
1163 5.21415
1164 5.21415
1165 5.21415
1166 5.21415
1167 5.21415
1168 5.17981
1169 5.17981
1170 5.1753
1171 5.1753
1172 5.1753
1173 5.1753
1174 5.1753
1175 5.1753
1176 5.1753
1177 5.1753
1178 5.1753
1179 5.1753
1180 5.1753
1181 5.1753
1182 5.14096
1183 5.14096
1184 5.14096
1185 5.14096
1186 5.14096
1187 5.11424
1188 5.11424
1189 5.11424
1190 5.11424
1191 5.11424
1192 5.11424
1193 5.11424
1194 5.11424
1195 5.11424
1196 5.11424
1197 5.11424
1198 5.11424
1199 5.11424
1200 5.11424
1201 5.11424
1202 5.11424
1203 5.11424
1204 5.11424
1205 5.11424
1206 5.11424
1207 5.11424
1208 5.11424
1209 5.11424
1210 5.11424
1211 5.11424
1212 5.11424
1213 5.11424
1214 5.11424
1215 5.11424
1216 5.11424
1217 5.11424
1218 5.11424
1219 5.11424
1220 5.11424
1221 5.11424
1222 5.11424
1223 5.11424
1224 5.11424
1225 5.11424
1226 5.11424
1227 5.11424
1228 5.11424
1229 5.11424
1230 5.11424
1231 5.11424
1232 5.11424
1233 5.11424
1234 5.11424
1235 5.11424
1236 5.11424
1237 5.11424
1238 5.11424
1239 5.11424
1240 5.11424
1241 5.11424
1242 5.11424
1243 5.11424
1244 5.11424
1245 5.11424
1246 5.11424
1247 5.11424
1248 5.11424
1249 5.11424
1250 5.11424
1251 5.11424
1252 5.11424
1253 5.11424
1254 5.11424
1255 5.11424
1256 5.11424
1257 5.11424
1258 5.11424
1259 5.11424
1260 5.11424
1261 5.11424
1262 5.11424
1263 5.11424
1264 5.11424
1265 5.11424
1266 5.11424
1267 5.11424
1268 5.11424
1269 5.11424
1270 5.11424
1271 5.11424
1272 5.11424
1273 5.11424
1274 5.11424
1275 5.11424
1276 5.11424
1277 5.11424
1278 5.11424
1279 5.11424
1280 5.11424
1281 5.11424
1282 5.11424
1283 5.11424
1284 5.11424
1285 5.11424
1286 5.11424
1287 5.11424
1288 5.11424
1289 5.11424
1290 5.11424
1291 5.11424
1292 5.11424
1293 5.11424
1294 5.11424
1295 5.11424
1296 5.11424
1297 5.11424
1298 5.11424
1299 5.11424
1300 5.11424
1301 5.11424
1302 5.11424
1303 5.11424
1304 5.11424
1305 5.11424
1306 5.11424
1307 5.11424
1308 5.11424
1309 5.11424
1310 5.11424
1311 5.11424
1312 5.11424
1313 5.11424
1314 5.11424
1315 5.11424
1316 5.11424
1317 5.11424
1318 5.11424
1319 5.11424
1320 5.11424
1321 5.11424
1322 5.11424
1323 5.11424
1324 5.11424
1325 5.11424
1326 5.11424
1327 5.11424
1328 5.11424
1329 5.11424
1330 5.11424
1331 5.11424
1332 5.11424
1333 5.11424
1334 5.11424
1335 5.11424
1336 5.11424
1337 5.11424
1338 5.11424
1339 5.11424
1340 5.11424
1341 5.11424
1342 5.11424
1343 5.11424
1344 5.11424
1345 5.11424
1346 5.11424
1347 5.11424
1348 5.11424
1349 5.11424
1350 5.11424
1351 5.11424
1352 5.11424
1353 5.11424
1354 5.11424
1355 5.11424
1356 5.11424
1357 5.11424
1358 5.11424
1359 5.11424
1360 5.11424
1361 5.11424
1362 5.11424
1363 5.11424
1364 5.11424
1365 5.11424
1366 5.11424
1367 5.11424
1368 5.11424
1369 5.11424
1370 5.11424
1371 5.11424
1372 5.11424
1373 5.11424
1374 5.11424
1375 5.11424
1376 5.11424
1377 5.11424
1378 5.11424
1379 5.11424
1380 5.11424
1381 5.11424
1382 5.11424
1383 5.11424
1384 5.11424
1385 5.11424
1386 5.11424
1387 5.11424
1388 5.11424
1389 5.11424
1390 5.04351
1391 5.04351
1392 5.04351
1393 5.04351
1394 5.04351
1395 5.04351
1396 5.04351
1397 5.04351
1398 5.04351
1399 5.04351
1400 5.04351
1401 5.04351
1402 5.04351
1403 5.04351
1404 5.04351
1405 5.04351
1406 5.04351
1407 5.04351
1408 5.04351
1409 5.04351
1410 5.04351
1411 5.04351
1412 5.04351
1413 5.04351
1414 5.04351
1415 5.04351
1416 5.04351
1417 5.04351
1418 5.04351
1419 5.04351
1420 5.04351
1421 5.04351
1422 5.04351
1423 5.04351
1424 5.04351
1425 5.04351
1426 5.04351
1427 5.04351
1428 5.04351
1429 5.04351
1430 5.04351
1431 5.04351
1432 5.04351
1433 5.04351
1434 5.04351
1435 5.04351
1436 5.04351
1437 5.04351
1438 5.04351
1439 5.04351
1440 5.04351
1441 5.04351
1442 5.04351
1443 5.04351
1444 5.04351
1445 5.04351
1446 5.04351
1447 5.04351
1448 5.04351
1449 5.04351
1450 5.04351
1451 5.04351
1452 5.04351
1453 5.04351
1454 5.04351
1455 5.04351
1456 5.04351
1457 5.04351
1458 5.04351
1459 5.04351
1460 5.04351
1461 5.04351
1462 5.04351
1463 5.04351
1464 5.04351
1465 5.04351
1466 5.04351
1467 5.04351
1468 5.04351
1469 5.04351
1470 5.04351
1471 5.04351
1472 5.04351
1473 5.04351
1474 5.04351
1475 5.04351
1476 5.04351
1477 5.04351
1478 5.04351
1479 5.04351
1480 5.04351
1481 5.04351
1482 5.04351
1483 5.04351
1484 5.04351
1485 5.04351
1486 5.04351
1487 5.04351
1488 5.04351
1489 5.04351
1490 5.04351
1491 5.04351
1492 5.04351
1493 5.04351
1494 5.04351
1495 5.04351
1496 5.04351
1497 5.04351
1498 5.04351
1499 5.04351
1500 5.04351
1501 5.04351
1502 5.04351
1503 5.04351
1504 5.04351
1505 5.04351
1506 5.04351
1507 5.04351
1508 5.04351
1509 5.04351
1510 5.04351
1511 5.04351
1512 5.04351
1513 5.04351
1514 5.04351
1515 5.04351
1516 5.04351
1517 5.04351
1518 5.04351
1519 5.04351
1520 5.04351
1521 5.04351
1522 5.04351
1523 5.04351
1524 5.04351
1525 5.04351
1526 5.04351
1527 5.04351
1528 5.04351
1529 5.04351
1530 5.04351
1531 5.04351
1532 5.04351
1533 5.04351
1534 5.04351
1535 5.04351
1536 5.04351
1537 5.04351
1538 5.04351
1539 5.04351
1540 5.04351
1541 5.04351
1542 5.04351
1543 5.04351
1544 5.04351
1545 5.04351
1546 5.04351
1547 5.04351
1548 5.04351
1549 5.04351
1550 5.04351
1551 5.04351
1552 5.04351
1553 5.04351
1554 5.04351
1555 5.04351
1556 5.04351
1557 5.04351
1558 5.04351
1559 5.04351
1560 5.04351
1561 5.04351
1562 5.04351
1563 5.04351
1564 5.04351
1565 5.04351
1566 5.04351
1567 5.04351
1568 5.04351
1569 5.04351
1570 5.04351
1571 5.04351
1572 5.04351
1573 5.04351
1574 5.04351
1575 5.04351
1576 5.04351
1577 5.04351
1578 5.04351
1579 5.04351
1580 5.04351
1581 5.04351
1582 5.04351
1583 5.04351
1584 5.04351
1585 5.04351
1586 5.04351
1587 5.04351
1588 5.04351
1589 5.04351
1590 5.04351
1591 5.04351
1592 5.04351
1593 5.04351
1594 5.04351
1595 5.04351
1596 5.04351
1597 5.04351
1598 5.04351
1599 5.04351
1600 5.04351
1601 5.04351
1602 5.04351
1603 5.04351
1604 5.04351
1605 5.04351
1606 5.04351
1607 5.04351
1608 5.04351
1609 5.04351
1610 5.04351
1611 5.04351
1612 5.04351
1613 5.04351
1614 5.04351
1615 5.04351
1616 5.04351
1617 5.04351
1618 5.04351
1619 5.04351
1620 5.04351
1621 5.04351
1622 5.04351
1623 5.04351
1624 5.04351
1625 5.04351
1626 5.04351
1627 5.04351
1628 5.04351
1629 5.04351
1630 5.04351
1631 5.04351
1632 5.04351
1633 5.04351
1634 5.04351
1635 5.04351
1636 5.04351
1637 5.04351
1638 5.04351
1639 5.04351
1640 5.04351
1641 5.04351
1642 5.04351
1643 5.04351
1644 5.04351
1645 5.04351
1646 5.04351
1647 5.04351
1648 5.04351
1649 5.04351
1650 5.04351
1651 5.04351
1652 5.04351
1653 5.04351
1654 5.04351
1655 5.04351
1656 5.04351
1657 5.04351
1658 5.04351
1659 5.04351
1660 5.04351
1661 5.04351
1662 5.04351
1663 5.04351
1664 5.04351
1665 5.04351
1666 5.04351
1667 5.04351
1668 5.04351
1669 5.04351
1670 5.04351
1671 5.04351
1672 5.04351
1673 5.04351
1674 5.04351
1675 5.04351
1676 5.04351
1677 5.04351
1678 5.04351
1679 5.04351
1680 5.04351
1681 5.04351
1682 5.04351
1683 5.04351
1684 5.04351
1685 5.04351
1686 5.04351
1687 5.04351
1688 5.04351
1689 5.04351
1690 5.04351
1691 5.04351
1692 5.04351
1693 5.04351
1694 5.04351
1695 5.04351
1696 5.04351
1697 5.04351
1698 5.04351
1699 5.04351
1700 5.04351
1701 5.04351
1702 5.04351
1703 5.04351
1704 5.04351
1705 5.04351
1706 5.04351
1707 5.04351
1708 5.04351
1709 5.04351
1710 5.04351
1711 5.04351
1712 5.04351
1713 5.04351
1714 5.04351
1715 5.04351
1716 5.04351
1717 5.04351
1718 5.04351
1719 5.04351
1720 5.04351
1721 5.04351
1722 5.04351
1723 5.04351
1724 5.04351
1725 5.04351
1726 5.04351
1727 5.04351
1728 5.04351
1729 5.04351
1730 5.04351
1731 5.04351
1732 5.04351
1733 5.04351
1734 5.04351
1735 5.04351
1736 5.04351
1737 5.04351
1738 5.04351
1739 5.04351
1740 5.04351
1741 5.04351
1742 5.04351
1743 5.04351
1744 5.04351
1745 5.04351
1746 5.04351
1747 5.04351
1748 5.04351
1749 5.04351
1750 5.04351
1751 5.04351
1752 5.04351
1753 5.04351
1754 5.04351
1755 5.04351
1756 5.04351
1757 5.04351
1758 5.04351
1759 5.04351
1760 5.04351
1761 5.04351
1762 5.04351
1763 5.04351
1764 5.04351
1765 5.04351
1766 5.04351
1767 5.04351
1768 5.04351
1769 5.04351
1770 5.04351
1771 5.04351
1772 5.04351
1773 5.04351
1774 5.04351
1775 5.04351
1776 5.04351
1777 5.04351
1778 5.04351
1779 5.04351
1780 5.04351
1781 5.04351
1782 5.04351
1783 5.04351
1784 5.04351
1785 5.04351
1786 5.04351
1787 5.04351
1788 5.04351
1789 5.04351
1790 5.04351
1791 5.04351
1792 5.04351
1793 5.04351
1794 5.04351
1795 5.04351
1796 5.04351
1797 5.04351
1798 5.04351
1799 5.04351
1800 5.04351
1801 5.04351
1802 5.04351
1803 5.04351
1804 5.04351
1805 5.04351
1806 5.04351
1807 5.04351
1808 5.04351
1809 5.04351
1810 5.04351
1811 5.04351
1812 5.04351
1813 5.04351
1814 5.04351
1815 5.04351
1816 5.04351
1817 5.04351
1818 5.04351
1819 5.04351
1820 5.04351
1821 5.04351
1822 5.04351
1823 5.04351
1824 5.04351
1825 5.04351
1826 5.04351
1827 5.04351
1828 5.04351
1829 5.04351
1830 5.04351
1831 5.04351
1832 5.04351
1833 5.04351
1834 5.04351
1835 5.04351
1836 5.04351
1837 5.04351
1838 5.04351
1839 5.04351
1840 5.04351
1841 5.04351
1842 5.04351
1843 5.04351
1844 5.04351
1845 5.04351
1846 5.04351
1847 5.04351
1848 5.04351
1849 5.04351
1850 5.04351
1851 5.04351
1852 5.04351
1853 5.04351
1854 5.04351
1855 5.04351
1856 5.04351
1857 5.04351
1858 5.04351
1859 5.04351
1860 5.04351
1861 5.04351
1862 5.04351
1863 5.04351
1864 5.04351
1865 5.04351
1866 5.04351
1867 5.04351
1868 5.04351
1869 5.04351
1870 5.04351
1871 5.04351
1872 5.04351
1873 5.04351
1874 5.04351
1875 5.04351
1876 5.04351
1877 5.04351
1878 5.04351
1879 5.04351
1880 5.04351
1881 5.04351
1882 5.04351
1883 5.04351
1884 5.04351
1885 5.04351
1886 5.04351
1887 5.04351
1888 5.04351
1889 5.04351
1890 5.04351
1891 5.04351
1892 5.04351
1893 5.04351
1894 5.04351
1895 5.04351
1896 5.04351
1897 5.04351
1898 5.04351
1899 5.04351
1900 5.04351
1901 5.04351
1902 5.04351
1903 5.04351
1904 5.04351
1905 5.04351
1906 5.04351
1907 5.04351
1908 5.04351
1909 5.04351
1910 5.04351
1911 5.04351
1912 5.04351
1913 5.04351
1914 5.04351
1915 5.04351
1916 5.04351
1917 5.04351
1918 5.04351
1919 5.04351
1920 5.04351
1921 5.04351
1922 5.04351
1923 5.04351
1924 5.04351
1925 5.04351
1926 5.04351
1927 5.04351
1928 5.04351
1929 5.04351
1930 5.04351
1931 5.04351
1932 5.04351
1933 5.04351
1934 5.04351
1935 5.04351
1936 5.04351
1937 5.04351
1938 5.04351
1939 5.04351
1940 5.04351
1941 5.04351
1942 5.04351
1943 5.04351
1944 5.04351
1945 5.04351
1946 5.04351
1947 5.04351
1948 5.04351
1949 5.04351
1950 5.04351
1951 5.04351
1952 5.04351
1953 5.04351
1954 5.04351
1955 5.04351
1956 5.04351
1957 5.04351
1958 5.04351
1959 5.04351
1960 5.04351
1961 5.04351
1962 5.04351
1963 5.04351
1964 5.04351
1965 5.04351
1966 5.04351
1967 5.04351
1968 5.04351
1969 5.04351
1970 5.04351
1971 5.04351
1972 5.04351
1973 5.04351
1974 5.04351
1975 5.04351
1976 5.04351
1977 5.04351
1978 5.04351
1979 5.04351
1980 5.04351
1981 5.04351
1982 5.04351
1983 5.04351
1984 5.04351
1985 5.04351
1986 5.04351
1987 5.04351
1988 5.04351
1989 5.04351
1990 5.04351
1991 5.04351
1992 5.04351
1993 5.04351
1994 5.04351
1995 5.04351
1996 5.04351
1997 5.04351
1998 5.04351
1999 5.04351
2000 5.04351
2001 5.04351
2002 5.04351
2003 5.04351
2004 5.04351
2005 5.04351
2006 5.04351
2007 5.04351
2008 5.04351
2009 5.04351
2010 5.04351
2011 5.04351
2012 5.04351
2013 5.04351
2014 5.04351
2015 5.04351
2016 5.04351
2017 5.04351
2018 5.04351
2019 5.04351
2020 5.04351
2021 5.04351
2022 5.04351
2023 5.04351
2024 5.04351
2025 5.04351
2026 5.04351
2027 5.04351
2028 5.04351
2029 5.04351
2030 5.04351
2031 5.04351
2032 5.04351
2033 5.04351
2034 5.04351
2035 5.04351
2036 5.04351
2037 5.04351
2038 5.04351
2039 5.04351
2040 5.04351
2041 5.04351
2042 5.04351
2043 5.04351
2044 5.04351
2045 5.04351
2046 5.04351
2047 5.04351
2048 5.04351
2049 5.04351
2050 5.04351
2051 5.04351
2052 5.04351
2053 5.04351
2054 5.04351
2055 5.04351
2056 5.04351
2057 5.04351
2058 5.04351
2059 5.04351
2060 5.04351
2061 5.04351
2062 5.04351
2063 5.04351
2064 5.04351
2065 5.04351
2066 5.04351
2067 5.04351
2068 5.04351
2069 5.04351
2070 5.04351
2071 5.04351
2072 5.04351
2073 5.04351
2074 5.04351
2075 5.04351
2076 5.04351
2077 5.04351
2078 5.04351
2079 5.04351
2080 5.04351
2081 5.04351
2082 5.04351
2083 5.04351
2084 5.04351
2085 5.04351
2086 5.04351
2087 5.04351
2088 5.04351
2089 5.04351
2090 5.04351
2091 5.04351
2092 5.04351
2093 5.04351
2094 5.04351
2095 5.04351
2096 5.04351
2097 5.04351
2098 5.04351
2099 5.04351
2100 5.04351
2101 5.04351
2102 5.04351
2103 5.04351
2104 5.04351
2105 5.04351
2106 5.04351
2107 5.04351
2108 5.04351
2109 5.04351
2110 5.04351
2111 5.04351
2112 5.04351
2113 5.04351
2114 5.04351
2115 5.04351
2116 5.04351
2117 5.04351
2118 5.04351
2119 5.04351
2120 5.04351
2121 5.04351
2122 5.04351
2123 5.04351
2124 5.04351
2125 5.04351
2126 5.04351
2127 5.04351
2128 5.04351
2129 5.04351
2130 5.04351
2131 5.04351
2132 5.04351
2133 5.04351
2134 5.04351
2135 5.04351
2136 5.04351
2137 5.04351
2138 5.04351
2139 5.04351
2140 5.04351
2141 5.04351
2142 5.04351
2143 5.04351
2144 5.04351
2145 5.04351
2146 5.04351
2147 5.04351
2148 5.04351
2149 5.04351
2150 5.04351
2151 5.04351
2152 5.04351
2153 5.04351
2154 5.04351
2155 5.04351
2156 5.04351
2157 5.04351
2158 5.04351
2159 5.04351
2160 5.04351
2161 5.04351
2162 5.04351
2163 5.04351
2164 5.04351
2165 5.04351
2166 5.04351
2167 5.04351
2168 5.04351
2169 5.04351
2170 5.04351
2171 5.04351
2172 5.04351
2173 5.04351
2174 5.04351
2175 5.04351
2176 5.04351
2177 5.04351
2178 5.04351
2179 5.04351
2180 5.04351
2181 5.04351
2182 5.04351
2183 5.04351
2184 5.04351
2185 5.04351
2186 5.04351
2187 5.04351
2188 5.04351
2189 5.04351
2190 5.04351
2191 5.04351
2192 5.04351
2193 5.04351
2194 5.04351
2195 5.04351
2196 5.04351
2197 5.04351
2198 5.04351
2199 5.04351
2200 5.04351
2201 5.04351
2202 5.04351
2203 5.04351
2204 5.04351
2205 5.04351
2206 5.04351
2207 5.04351
2208 5.04351
2209 5.04351
2210 5.04351
2211 5.04351
2212 5.04351
2213 5.04351
2214 5.04351
2215 5.04351
2216 5.04351
2217 5.04351
2218 5.04351
2219 5.04351
2220 5.04351
2221 5.04351
2222 5.04351
2223 5.04351
2224 5.04351
2225 5.04351
2226 5.04351
2227 5.04351
2228 5.04351
2229 5.04351
2230 5.04351
2231 5.0341
2232 5.0341
2233 5.0341
2234 5.0341
2235 5.0341
2236 5.0341
2237 5.0341
2238 5.0341
2239 5.0341
2240 5.0341
2241 5.0341
2242 5.0341
2243 5.0341
2244 5.0341
2245 5.0341
2246 5.0341
2247 5.0341
2248 5.0341
2249 5.0341
2250 5.0341
2251 5.0341
2252 5.0341
2253 5.0341
2254 5.0341
2255 5.0341
2256 5.0341
2257 5.0341
2258 5.0341
2259 5.0341
2260 5.0341
2261 5.0341
2262 5.0341
2263 5.0341
2264 5.0341
2265 5.0341
2266 5.0341
2267 5.0341
2268 5.0341
2269 5.0341
2270 5.0341
2271 5.0341
2272 5.0341
2273 5.0341
2274 5.0341
2275 5.0341
2276 5.0341
2277 5.0341
2278 5.0341
2279 5.0341
2280 5.0341
2281 5.0341
2282 5.0341
2283 5.0341
2284 5.0341
2285 5.0341
2286 5.0341
2287 5.0341
2288 5.0341
2289 5.0341
2290 5.0341
2291 5.0341
2292 5.0341
2293 5.0341
2294 5.0341
2295 5.0341
2296 5.0341
2297 5.0341
2298 5.0341
2299 5.0341
2300 5.0341
2301 5.0341
2302 5.0341
2303 5.0341
2304 5.0341
2305 5.0341
2306 5.0341
2307 5.0341
2308 5.0341
2309 5.0341
2310 5.0341
2311 5.0341
2312 5.0341
2313 5.0341
2314 5.0341
2315 5.0341
2316 5.0341
2317 5.0341
2318 5.0341
2319 5.0341
2320 5.0341
2321 5.0341
2322 5.0341
2323 5.0341
2324 5.0341
2325 5.0341
2326 5.0341
2327 5.0341
2328 5.0341
2329 5.0341
2330 5.0341
2331 5.0341
2332 5.0341
2333 5.0341
2334 5.0341
2335 5.0341
2336 5.0341
2337 5.0341
2338 5.0341
2339 5.0341
2340 5.0341
2341 5.0341
2342 5.0341
2343 5.0341
2344 5.0341
2345 5.0341
2346 5.0341
2347 5.0341
2348 5.0341
2349 5.0341
2350 5.0341
2351 5.0341
2352 5.0341
2353 5.0341
2354 5.0341
2355 5.0341
2356 5.0341
2357 5.0341
2358 5.0341
2359 5.0341
2360 5.0341
2361 5.0341
2362 5.0341
2363 5.0341
2364 5.0341
2365 5.0341
2366 5.0341
2367 5.0341
2368 5.0341
2369 5.0341
2370 5.0341
2371 5.0341
2372 5.0341
2373 5.0341
2374 5.0341
2375 5.0341
2376 5.0341
2377 5.0341
2378 5.0341
2379 5.0341
2380 5.0341
2381 5.0341
2382 5.0341
2383 5.0341
2384 5.0341
2385 5.0341
2386 5.0341
2387 5.0341
2388 5.0341
2389 5.0341
2390 5.0341
2391 5.0341
2392 5.0341
2393 5.0341
2394 5.0341
2395 5.0341
2396 5.0341
2397 5.0341
2398 5.0341
2399 5.0341
2400 5.0341
2401 5.0341
2402 5.0341
2403 5.0341
2404 5.0341
2405 5.0341
2406 5.0341
2407 5.0341
2408 5.0341
2409 5.0341
2410 5.0341
2411 5.0341
2412 5.0341
2413 5.0341
2414 5.0341
2415 5.0341
2416 5.0341
2417 5.0341
2418 5.0341
2419 5.0341
2420 5.0341
2421 5.0341
2422 5.0341
2423 5.0341
2424 5.0341
2425 5.0341
2426 5.0341
2427 5.0341
2428 5.0341
2429 5.0341
2430 5.0341
2431 5.0341
2432 5.0341
2433 5.0341
2434 5.0341
2435 5.0341
2436 5.0341
2437 5.0341
2438 5.0341
2439 5.0341
2440 5.0341
2441 5.0341
2442 5.0341
2443 5.0341
2444 5.0341
2445 5.0341
2446 5.0341
2447 5.0341
2448 5.0341
2449 5.0341
2450 5.0341
2451 5.0341
2452 5.0341
2453 5.0341
2454 5.0341
2455 5.0341
2456 5.0341
2457 5.0341
2458 5.0341
2459 5.0341
2460 5.0341
2461 5.0341
2462 5.0341
2463 5.0341
2464 5.0341
2465 5.0341
2466 5.0341
2467 5.0341
2468 5.0341
2469 5.0341
2470 5.0341
2471 5.0341
2472 5.0341
2473 5.0341
2474 5.0341
2475 5.0341
2476 5.0341
2477 5.0341
2478 5.0341
2479 5.0341
2480 5.0341
2481 5.0341
2482 5.0341
2483 5.0341
2484 5.0341
2485 5.0341
2486 5.0341
2487 5.0341
2488 5.0341
2489 5.0341
2490 5.0341
2491 5.0341
2492 5.0341
2493 5.0341
2494 5.0341
2495 5.0341
2496 5.0341
2497 5.0341
2498 5.0341
2499 5.0341
2500 5.0341
2501 5.0341
2502 5.0341
2503 5.0341
2504 5.0341
2505 5.0341
2506 5.0341
2507 5.0341
2508 5.0341
2509 5.0341
2510 5.0341
2511 5.0341
2512 5.0341
2513 5.0341
2514 5.0341
2515 5.0341
2516 5.0341
2517 5.0341
2518 5.0341
2519 5.0341
2520 5.0341
2521 5.0341
2522 5.0341
2523 5.0341
2524 5.0341
2525 5.0341
2526 5.0341
2527 5.0341
2528 5.0341
2529 5.0341
2530 5.0341
2531 5.0341
2532 5.0341
2533 5.0341
2534 5.0341
2535 5.0341
2536 5.0341
2537 5.0341
2538 5.0341
2539 5.0341
2540 5.0341
2541 5.0341
2542 5.0341
2543 5.0341
2544 5.0341
2545 5.0341
2546 5.0341
2547 5.0341
2548 5.0341
2549 5.0341
2550 5.0341
2551 5.0341
2552 5.0341
2553 5.0341
2554 5.0341
2555 5.0341
2556 5.0341
2557 5.0341
2558 5.0341
2559 5.0341
2560 5.0341
2561 5.0341
2562 5.0341
2563 5.0341
2564 5.0341
2565 5.0341
2566 5.0341
2567 5.0341
2568 5.0341
2569 5.0341
2570 5.0341
2571 5.0341
2572 5.0341
2573 5.0341
2574 5.0341
2575 5.0341
2576 5.0341
2577 5.0341
2578 5.0341
2579 5.0341
2580 5.0341
2581 5.0341
2582 5.0341
2583 5.0341
2584 5.0341
2585 5.0341
2586 5.0341
2587 5.0341
2588 5.0341
2589 5.0341
2590 5.0341
2591 5.0341
2592 5.0341
2593 5.0341
2594 5.0341
2595 5.0341
2596 5.0341
2597 5.0341
2598 5.0341
2599 5.0341
2600 5.0341
2601 5.0341
2602 5.0341
2603 5.0341
2604 5.0341
2605 5.0341
2606 5.0341
2607 5.0341
2608 5.0341
2609 5.0341
2610 5.0341
2611 5.0341
2612 5.0341
2613 5.0341
2614 5.0341
2615 5.0341
2616 5.0341
2617 5.0341
2618 5.0341
2619 5.0341
2620 5.0341
2621 5.0341
2622 5.0341
2623 5.0341
2624 5.0341
2625 5.0341
2626 5.0341
2627 5.0341
2628 5.0341
2629 5.0341
2630 5.0341
2631 5.0341
2632 5.0341
2633 5.0341
2634 5.0341
2635 5.0341
2636 5.0341
2637 5.0341
2638 5.0341
2639 5.0341
2640 5.0341
2641 5.0341
2642 5.0341
2643 5.0341
2644 5.0341
2645 5.0341
2646 5.0341
2647 5.0341
2648 5.0341
2649 5.0341
2650 5.0341
2651 5.0341
2652 5.0341
2653 5.0341
2654 5.0341
2655 5.0341
2656 5.0341
2657 5.0341
2658 5.0341
2659 5.0341
2660 5.0341
2661 5.0341
2662 5.0341
2663 5.0341
2664 5.0341
2665 5.0341
2666 5.0341
2667 5.0341
2668 5.0341
2669 5.0341
2670 5.0341
2671 5.0341
2672 5.0341
2673 5.0341
2674 5.0341
2675 5.0341
2676 5.0341
2677 5.0341
2678 5.0341
2679 5.0341
2680 5.0341
2681 5.0341
2682 5.0341
2683 5.0341
2684 5.0341
2685 5.0341
2686 5.0341
2687 5.0341
2688 5.0341
2689 5.0341
2690 5.0341
2691 5.0341
2692 5.0341
2693 5.0341
2694 5.0341
2695 5.0341
2696 5.0341
2697 5.0341
2698 5.0341
2699 5.0341
2700 5.0341
2701 5.0341
2702 5.0341
2703 5.0341
2704 5.0341
2705 5.0341
2706 5.0341
2707 5.0341
2708 5.0341
2709 5.0341
2710 5.0341
2711 5.0341
2712 5.0341
2713 5.0341
2714 5.0341
2715 5.0341
2716 5.0341
2717 5.0341
2718 5.0341
2719 5.0341
2720 5.0341
2721 5.0341
2722 5.0341
2723 5.0341
2724 5.0341
2725 5.0341
2726 5.0341
2727 5.0341
2728 5.0341
2729 5.0341
2730 5.0341
2731 5.0341
2732 5.0341
2733 5.0341
2734 5.0341
2735 5.0341
2736 5.0341
2737 5.0341
2738 5.0341
2739 5.0341
2740 5.0341
2741 5.0341
2742 5.0341
2743 5.0341
2744 5.0341
2745 5.0341
2746 5.0341
2747 5.0341
2748 5.0341
2749 5.0341
2750 5.0341
2751 5.0341
2752 5.0341
2753 5.0341
2754 5.0341
2755 5.0341
2756 5.0341
2757 5.0341
2758 5.0341
2759 5.0341
2760 5.0341
2761 5.0341
2762 5.0341
2763 5.0341
2764 5.0341
2765 5.0341
2766 5.0341
2767 5.0341
2768 5.0341
2769 5.0341
2770 5.0341
2771 5.0341
2772 5.0341
2773 5.0341
2774 5.0341
2775 5.0341
2776 5.0341
2777 5.0341
2778 5.0341
2779 5.0341
2780 5.0341
2781 5.0341
2782 5.0341
2783 5.0341
2784 5.0341
2785 5.0341
2786 5.0341
2787 5.0341
2788 5.0341
2789 5.0341
2790 5.0341
2791 5.0341
2792 5.0341
2793 5.0341
2794 5.0341
2795 5.0341
2796 5.0341
2797 5.0341
2798 5.0341
2799 5.0341
2800 5.0341
2801 5.0341
2802 5.0341
2803 5.0341
2804 5.0341
2805 5.0341
2806 5.0341
2807 5.0341
2808 5.0341
2809 5.0341
2810 5.0341
2811 5.0341
2812 5.0341
2813 5.0341
2814 5.0341
2815 5.0341
2816 5.0341
2817 5.0341
2818 5.0341
2819 5.0341
2820 5.0341
2821 5.0341
2822 5.0341
2823 5.0341
2824 5.0341
2825 5.0341
2826 5.0341
2827 5.0341
2828 5.0341
2829 5.0341
2830 5.0341
2831 5.0341
2832 5.0341
2833 5.0341
2834 5.0341
2835 5.0341
2836 5.0341
2837 5.0341
2838 5.0341
2839 5.0341
2840 5.0341
2841 5.0341
2842 5.0341
2843 5.0341
2844 5.0341
2845 5.0341
2846 5.0341
2847 5.0341
2848 5.0341
2849 5.0341
2850 5.0341
2851 5.0341
2852 5.0341
2853 5.0341
2854 5.0341
2855 5.0341
2856 5.0341
2857 5.0341
2858 5.0341
2859 5.0341
2860 5.0341
2861 5.0341
2862 5.0341
2863 5.0341
2864 5.0341
2865 5.0341
2866 5.0341
2867 5.0341
2868 5.0341
2869 5.0341
2870 5.0341
2871 5.0341
2872 5.0341
2873 5.0341
2874 5.0341
2875 5.0341
2876 5.0341
2877 5.0341
2878 5.0341
2879 5.0341
2880 5.0341
2881 5.0341
2882 5.0341
2883 5.0341
2884 5.0341
2885 5.0341
2886 5.0341
2887 5.0341
2888 5.0341
2889 5.0341
2890 5.0341
2891 5.0341
2892 5.0341
2893 5.0341
2894 5.0341
2895 5.0341
2896 5.0341
2897 5.0341
2898 5.0341
2899 5.0341
2900 5.0341
2901 5.0341
2902 5.0341
2903 5.0341
2904 5.0341
2905 5.0341
2906 5.0341
2907 5.0341
2908 5.0341
2909 5.0341
2910 5.0341
2911 5.0341
2912 5.0341
2913 5.0341
2914 5.0341
2915 5.0341
2916 5.0341
2917 5.0341
2918 5.0341
2919 5.0341
2920 5.0341
2921 5.0341
2922 5.0341
2923 5.0341
2924 5.0341
2925 5.0341
2926 5.0341
2927 5.0341
2928 5.0341
2929 5.0341
2930 5.0341
2931 5.0341
2932 5.0341
2933 5.0341
2934 5.0341
2935 5.0341
2936 5.0341
2937 5.0341
2938 5.0341
2939 5.0341
2940 5.0341
2941 5.0341
2942 5.0341
2943 5.0341
2944 5.0341
2945 5.0341
2946 5.0341
2947 5.0341
2948 5.0341
2949 5.0341
2950 5.0341
2951 5.0341
2952 5.0341
2953 5.0341
2954 5.0341
2955 5.0341
2956 5.0341
2957 5.0341
2958 5.0341
2959 5.0341
2960 5.0341
2961 5.0341
2962 5.0341
2963 5.0341
2964 5.0341
2965 5.0341
2966 5.0341
2967 5.0341
2968 5.0341
2969 5.0341
2970 5.0341
2971 5.0341
2972 5.0341
2973 5.0341
2974 5.0341
2975 5.0341
2976 5.0341
2977 5.0341
2978 5.0341
2979 5.0341
2980 5.0341
2981 5.0341
2982 5.0341
2983 5.0341
2984 5.0341
2985 5.0341
2986 5.0341
2987 5.0341
2988 5.0341
2989 5.0341
2990 5.0341
2991 5.0341
2992 5.0341
2993 5.0341
2994 5.0341
2995 5.0341
2996 5.0341
2997 5.0341
2998 5.0341
2999 5.0341
3000 5.0341
3001 5.0341
3002 5.0341
3003 5.0341
3004 5.0341
3005 5.0341
3006 5.0341
3007 5.0341
3008 5.0341
3009 5.0341
3010 5.0341
3011 5.0341
3012 5.0341
3013 5.0341
3014 5.0341
3015 5.0341
3016 5.0341
3017 5.0341
3018 5.0341
3019 5.0341
3020 5.0341
3021 5.0341
3022 5.0341
3023 5.0341
3024 5.0341
3025 5.0341
3026 5.0341
3027 5.0341
3028 5.0341
3029 5.0341
3030 5.0341
3031 5.0341
3032 5.0341
3033 5.0341
3034 5.0341
3035 5.0341
3036 5.0341
3037 5.0341
3038 5.0341
3039 5.0341
3040 5.0341
3041 5.0341
3042 5.0341
3043 5.0341
3044 5.0341
3045 5.0341
3046 5.0341
3047 5.0341
3048 5.0341
3049 5.0341
3050 5.0341
3051 5.0341
3052 5.0341
3053 5.0341
3054 5.0341
3055 5.0341
3056 5.0341
3057 5.0341
3058 5.0341
3059 5.0341
3060 5.0341
3061 5.0341
3062 5.0341
3063 5.0341
3064 5.0341
3065 5.0341
3066 5.0341
3067 5.0341
3068 5.0341
3069 5.0341
3070 5.0341
3071 5.0341
3072 5.0341
3073 5.0341
3074 5.0341
3075 5.0341
3076 5.0341
3077 5.0341
3078 5.0341
3079 5.0341
3080 5.0341
3081 5.0341
3082 5.0341
3083 5.0341
3084 5.0341
3085 5.0341
3086 5.0341
3087 5.0341
3088 5.0341
3089 5.0341
3090 5.0341
3091 5.0341
3092 5.0341
3093 5.0341
3094 5.0341
3095 5.0341
3096 5.0341
3097 5.0341
3098 5.0341
3099 5.0341
3100 5.0341
3101 5.0341
3102 5.0341
3103 5.0341
3104 5.0341
3105 5.0341
3106 5.0341
3107 5.0341
3108 5.0341
3109 5.0341
3110 5.0341
3111 5.0341
3112 5.0341
3113 5.0341
3114 5.0341
3115 5.0341
3116 5.0341
3117 5.0341
3118 5.0341
3119 5.0341
3120 5.0341
3121 5.0341
3122 5.0341
3123 5.0341
3124 5.0341
3125 5.0341
3126 5.0341
3127 5.0341
3128 5.0341
3129 5.0341
3130 5.0341
3131 5.0341
3132 5.0341
3133 5.0341
3134 5.0341
3135 5.0341
3136 5.0341
3137 5.0341
3138 5.0341
3139 5.0341
3140 5.0341
3141 5.0341
3142 5.0341
3143 5.0341
3144 5.0341
3145 5.0341
3146 5.0341
3147 5.0341
3148 5.0341
3149 5.0341
3150 5.0341
3151 5.0341
3152 5.0341
3153 5.0341
3154 5.0341
3155 5.0341
3156 5.0341
3157 5.0341
3158 5.0341
3159 5.0341
3160 5.0341
3161 5.0341
3162 5.0341
3163 5.0341
3164 5.0341
3165 5.0341
3166 5.0341
3167 5.0341
3168 5.0341
3169 5.0341
3170 5.0341
3171 5.0341
3172 5.0341
3173 5.0341
3174 5.0341
3175 5.0341
3176 5.0341
3177 5.0341
3178 5.0341
3179 5.0341
3180 5.0341
3181 5.0341
3182 5.0341
3183 5.0341
3184 5.0341
3185 5.0341
3186 5.0341
3187 5.0341
3188 5.0341
3189 5.0341
3190 5.0341
3191 5.0341
3192 5.0341
3193 5.0341
3194 5.0341
3195 5.0341
3196 5.0341
3197 5.0341
3198 5.0341
3199 5.0341
3200 5.0341
3201 5.0341
3202 5.0341
3203 5.0341
3204 5.0341
3205 5.0341
3206 5.0341
3207 5.0341
3208 5.0341
3209 5.0341
3210 5.0341
3211 5.0341
3212 5.0341
3213 5.0341
3214 5.0341
3215 5.0341
3216 5.0341
3217 5.0341
3218 5.0341
3219 5.0341
3220 5.0341
3221 5.0341
3222 5.0341
3223 5.0341
3224 5.0341
3225 5.0341
3226 5.0341
3227 5.0341
3228 5.0341
3229 5.0341
3230 5.0341
3231 5.0341
3232 5.0341
3233 5.0341
3234 5.0341
3235 5.0341
3236 5.0341
3237 5.0341
3238 5.0341
3239 5.0341
3240 5.0341
3241 5.0341
3242 5.0341
3243 5.0341
3244 5.0341
3245 5.0341
3246 5.0341
3247 5.0341
3248 5.0341
3249 5.0341
3250 5.0341
3251 5.0341
3252 5.0341
3253 5.0341
3254 5.0341
3255 5.0341
3256 5.0341
3257 5.0341
3258 5.0341
3259 5.0341
3260 5.0341
3261 5.0341
3262 5.0341
3263 5.0341
3264 5.0341
3265 5.0341
3266 5.0341
3267 5.0341
3268 5.0341
3269 5.0341
3270 5.0341
3271 5.0341
3272 5.0341
3273 5.0341
3274 5.0341
3275 5.0341
3276 5.0341
3277 5.0341
3278 5.0341
3279 5.0341
3280 5.0341
3281 5.0341
3282 5.0341
3283 5.0341
3284 5.0341
3285 5.0341
3286 5.0341
3287 5.0341
3288 5.0341
3289 5.0341
3290 5.0341
3291 5.0341
3292 5.0341
3293 5.0341
3294 5.0341
3295 5.0341
3296 5.0341
3297 5.0341
3298 5.0341
3299 5.0341
3300 5.0341
3301 5.0341
3302 5.0341
3303 5.0341
3304 5.0341
3305 5.0341
3306 5.0341
3307 5.0341
3308 5.0341
3309 5.0341
3310 5.0341
3311 5.0341
3312 5.0341
3313 5.0341
3314 5.0341
3315 5.0341
3316 5.0341
3317 5.0341
3318 5.0341
3319 5.0341
3320 5.0341
3321 5.0341
3322 5.0341
3323 5.0341
3324 5.0341
3325 5.0341
3326 5.0341
3327 5.0341
3328 5.0341
3329 5.0341
3330 5.0341
3331 5.0341
3332 5.0341
3333 5.0341
3334 5.0341
3335 5.0341
3336 5.0341
3337 5.0341
3338 5.0341
3339 5.0341
3340 5.0341
3341 5.0341
3342 5.0341
3343 5.0341
3344 5.0341
3345 5.0341
3346 5.0341
3347 5.0341
3348 5.0341
3349 5.0341
3350 5.0341
3351 5.0341
3352 5.0341
3353 5.0341
3354 5.0341
3355 5.0341
3356 5.0341
3357 5.0341
3358 5.0341
3359 5.0341
3360 5.0341
3361 5.0341
3362 5.0341
3363 5.0341
3364 5.0341
3365 5.0341
3366 5.0341
3367 5.0341
3368 5.0341
3369 5.0341
3370 5.0341
3371 5.0341
3372 5.0341
3373 5.0341
3374 5.0341
3375 5.0341
3376 5.0341
3377 5.0341
3378 5.0341
3379 5.0341
3380 5.0341
3381 5.0341
3382 5.0341
3383 5.0341
3384 5.0341
3385 5.0341
3386 5.0341
3387 5.0341
3388 5.0341
3389 5.0341
3390 5.0341
3391 5.0341
3392 5.0341
3393 5.0341
3394 5.0341
3395 5.0341
3396 5.0341
3397 5.0341
3398 5.0341
3399 5.0341
3400 5.0341
3401 5.0341
3402 5.0341
3403 5.0341
3404 5.0341
3405 5.0341
3406 5.0341
3407 5.0341
3408 5.0341
3409 5.0341
3410 5.0341
3411 5.0341
3412 5.0341
3413 5.0341
3414 5.0341
3415 5.0341
3416 5.0341
3417 5.0341
3418 5.0341
3419 5.0341
3420 5.0341
3421 5.0341
3422 5.0341
3423 5.0341
3424 5.0341
3425 5.0341
3426 5.0341
3427 5.0341
3428 5.0341
3429 5.0341
3430 5.0341
3431 5.0341
3432 5.0341
3433 5.0341
3434 5.0341
3435 5.0341
3436 5.0341
3437 5.0341
3438 5.0341
3439 5.0341
3440 5.0341
3441 5.0341
3442 5.0341
3443 5.0341
3444 5.0341
3445 5.0341
3446 5.0341
3447 5.0341
3448 5.0341
3449 5.0341
3450 5.0341
3451 5.0341
3452 5.0341
3453 5.0341
3454 5.0341
3455 5.0341
3456 5.0341
3457 5.0341
3458 5.0341
3459 5.0341
3460 5.0341
3461 5.0341
3462 5.0341
3463 5.0341
3464 5.0341
3465 5.0341
3466 5.0341
3467 5.0341
3468 5.0341
3469 5.0341
3470 5.0341
3471 5.0341
3472 5.0341
3473 5.0341
3474 5.0341
3475 5.0341
3476 5.0341
3477 5.0341
3478 5.0341
3479 5.0341
3480 5.0341
3481 5.0341
3482 5.0341
3483 5.0341
3484 5.0341
3485 5.0341
3486 5.0341
3487 5.0341
3488 5.0341
3489 5.0341
3490 5.0341
3491 5.0341
3492 5.0341
3493 5.0341
3494 5.0341
3495 5.0341
3496 5.0341
3497 5.0341
3498 5.0341
3499 5.0341
3500 5.0341
3501 5.0341
3502 5.0341
3503 5.0341
3504 5.0341
3505 5.0341
3506 5.0341
3507 5.0341
3508 5.0341
3509 5.0341
3510 5.0341
3511 5.0341
3512 5.0341
3513 5.0341
3514 5.0341
3515 5.0341
3516 5.0341
3517 5.0341
3518 5.0341
3519 5.0341
3520 5.0341
3521 5.0341
3522 5.0341
3523 5.0341
3524 5.0341
3525 5.0341
3526 5.0341
3527 5.0341
3528 5.0341
3529 5.0341
3530 5.0341
3531 5.0341
3532 5.0341
3533 5.0341
3534 5.0341
3535 5.0341
3536 5.0341
3537 5.0341
3538 5.0341
3539 5.0341
3540 5.0341
3541 5.0341
3542 5.0341
3543 5.0341
3544 5.0341
3545 5.0341
3546 5.0341
3547 5.0341
3548 5.0341
3549 5.0341
3550 5.0341
3551 5.0341
3552 5.0341
3553 5.0341
3554 5.0341
3555 5.0341
3556 5.0341
3557 5.0341
3558 5.0341
3559 5.0341
3560 5.0341
3561 5.0341
3562 5.0341
3563 5.0341
3564 5.0341
3565 5.0341
3566 5.0341
3567 5.0341
3568 5.0341
3569 5.0341
3570 5.0341
3571 5.0341
3572 5.0341
3573 5.0341
3574 5.0341
3575 5.0341
3576 5.0341
3577 5.0341
3578 5.0341
3579 5.0341
3580 5.0341
3581 5.0341
3582 5.0341
3583 5.0341
3584 5.0341
3585 5.0341
3586 5.0341
3587 5.0341
3588 5.0341
3589 5.0341
3590 5.0341
3591 5.0341
3592 5.0341
3593 5.0341
3594 5.0341
3595 5.0341
3596 5.0341
3597 5.0341
3598 5.0341
3599 5.0341
3600 5.0341
3601 5.0341
3602 5.0341
3603 5.0341
3604 5.0341
3605 5.0341
3606 5.0341
3607 5.0341
3608 5.0341
3609 5.0341
3610 5.0341
3611 5.0341
3612 5.0341
3613 5.0341
3614 5.0341
3615 5.0341
3616 5.0341
3617 5.0341
3618 5.0341
3619 5.0341
3620 5.0341
3621 5.0341
3622 5.0341
3623 5.0341
3624 5.0341
3625 5.0341
3626 5.0341
3627 5.0341
3628 5.0341
3629 5.0341
3630 5.0341
3631 5.0341
3632 5.0341
3633 5.0341
3634 5.0341
3635 5.0341
3636 5.0341
3637 5.0341
3638 5.0341
3639 5.0341
3640 5.0341
3641 5.0341
3642 5.0341
3643 5.0341
3644 5.0341
3645 5.0341
3646 5.0341
3647 5.0341
3648 5.0341
3649 5.0341
3650 5.0341
3651 5.0341
3652 5.0341
3653 5.0341
3654 5.0341
3655 5.0341
3656 5.0341
3657 5.0341
3658 5.0341
3659 5.0341
3660 5.0341
3661 5.0341
3662 5.0341
3663 5.0341
3664 5.0341
3665 5.0341
3666 5.0341
3667 5.0341
3668 5.0341
3669 5.0341
3670 5.0341
3671 5.0341
3672 5.0341
3673 5.0341
3674 5.0341
3675 5.0341
3676 5.0341
3677 5.0341
3678 5.0341
3679 5.0341
3680 5.0341
3681 5.0341
3682 5.0341
3683 5.0341
3684 5.0341
3685 5.0341
3686 5.0341
3687 5.0341
3688 5.0341
3689 5.0341
3690 5.0341
3691 5.0341
3692 5.0341
3693 5.0341
3694 5.0341
3695 5.0341
3696 5.0341
3697 5.0341
3698 5.0341
3699 5.0341
3700 5.0341
3701 5.0341
3702 5.0341
3703 5.0341
3704 5.0341
3705 5.0341
3706 5.0341
3707 5.0341
3708 5.0341
3709 5.0341
3710 5.0341
3711 5.0341
3712 5.0341
3713 5.0341
3714 5.0341
3715 5.0341
3716 5.0341
3717 5.0341
3718 5.0341
3719 5.0341
3720 5.0341
3721 5.0341
3722 5.0341
3723 5.0341
3724 5.0341
3725 5.0341
3726 5.0341
3727 5.0341
3728 5.0341
3729 5.0341
3730 5.0341
3731 5.0341
3732 5.0341
3733 5.0341
3734 5.0341
3735 5.0341
3736 5.0341
3737 5.0341
3738 5.0341
3739 5.0341
3740 5.0341
3741 5.0341
3742 5.0341
3743 5.0341
3744 5.0341
3745 5.0341
3746 5.0341
3747 5.0341
3748 5.0341
3749 5.0341
3750 5.0341
3751 5.0341
3752 5.0341
3753 5.0341
3754 5.0341
3755 5.0341
3756 5.0341
3757 5.0341
3758 5.0341
3759 5.0341
3760 5.0341
3761 5.0341
3762 5.0341
3763 5.0341
3764 5.0341
3765 5.0341
3766 5.0341
3767 5.0341
3768 5.0341
3769 5.0341
3770 5.0341
3771 5.0341
3772 5.0341
3773 5.0341
3774 5.0341
3775 5.0341
3776 5.0341
3777 5.0341
3778 5.0341
3779 5.0341
3780 5.0341
3781 5.0341
3782 5.0341
3783 5.0341
3784 5.0341
3785 5.0341
3786 5.0341
3787 5.0341
3788 5.0341
3789 5.0341
3790 5.0341
3791 5.0341
3792 5.0341
3793 5.0341
3794 5.0341
3795 5.0341
3796 5.0341
3797 5.0341
3798 5.0341
3799 5.0341
3800 5.0341
3801 5.0341
3802 5.0341
3803 5.0341
3804 5.0341
3805 5.0341
3806 5.0341
3807 5.0341
3808 5.0341
3809 5.0341
3810 5.0341
3811 5.0341
3812 5.0341
3813 5.0341
3814 5.0341
3815 5.0341
3816 5.0341
3817 5.0341
3818 5.0341
3819 5.0341
3820 5.0341
3821 5.0341
3822 5.0341
3823 5.0341
3824 5.0341
3825 5.0341
3826 5.0341
3827 5.0341
3828 5.0341
3829 5.0341
3830 5.0341
3831 5.0341
3832 5.0341
3833 5.0341
3834 5.0341
3835 5.0341
3836 5.0341
3837 5.0341
3838 5.0341
3839 5.0341
3840 5.0341
3841 5.0341
3842 5.0341
3843 5.0341
3844 5.0341
3845 5.0341
3846 5.0341
3847 5.0341
3848 5.0341
3849 5.0341
3850 5.0341
3851 5.0341
3852 5.0341
3853 5.0341
3854 5.0341
3855 5.0341
3856 5.0341
3857 5.0341
3858 5.0341
3859 5.0341
3860 5.0341
3861 5.0341
3862 5.0341
3863 5.0341
3864 5.0341
3865 5.0341
3866 5.0341
3867 5.0341
3868 5.0341
3869 5.0341
3870 5.0341
3871 5.0341
3872 5.0341
3873 5.0341
3874 5.0341
3875 5.0341
3876 5.0341
3877 5.0341
3878 5.0341
3879 5.0341
3880 5.0341
3881 5.0341
3882 5.0341
3883 5.0341
3884 5.0341
3885 5.0341
3886 5.0341
3887 5.0341
3888 5.0341
3889 5.0341
3890 5.0341
3891 5.0341
3892 5.0341
3893 5.0341
3894 5.0341
3895 5.0341
3896 5.0341
3897 5.0341
3898 5.0341
3899 5.0341
3900 5.0341
3901 5.0341
3902 5.0341
3903 5.0341
3904 5.0341
3905 5.0341
3906 5.0341
3907 5.0341
3908 5.0341
3909 5.0341
3910 5.0341
3911 5.0341
3912 5.0341
3913 5.0341
3914 5.0341
3915 5.0341
3916 5.0341
3917 5.0341
3918 5.0341
3919 5.0341
3920 5.0341
3921 5.0341
3922 5.0341
3923 5.0341
3924 5.0341
3925 5.0341
3926 5.0341
3927 5.0341
3928 5.0341
3929 5.0341
3930 5.0341
3931 5.0341
3932 5.0341
3933 5.0341
3934 5.0341
3935 5.0341
3936 5.0341
3937 5.0341
3938 5.0341
3939 5.0341
3940 5.0341
3941 5.0341
3942 5.0341
3943 5.0341
3944 5.0341
3945 5.0341
3946 5.0341
3947 5.0341
3948 5.0341
3949 5.0341
3950 5.0341
3951 5.0341
3952 5.0341
3953 5.0341
3954 5.0341
3955 5.0341
3956 5.0341
3957 5.0341
3958 5.0341
3959 5.0341
3960 5.0341
3961 5.0341
3962 5.0341
3963 5.0341
3964 5.0341
3965 5.0341
3966 5.0341
3967 5.0341
3968 5.0341
3969 5.0341
3970 5.0341
3971 5.0341
3972 5.0341
3973 5.0341
3974 5.0341
3975 5.0341
3976 5.0341
3977 5.0341
3978 5.0341
3979 5.0341
3980 5.0341
3981 5.0341
3982 5.0341
3983 5.0341
3984 5.0341
3985 5.0341
3986 5.0341
3987 5.0341
3988 5.0341
3989 5.0341
3990 5.0341
3991 5.0341
3992 5.0341
3993 5.0341
3994 5.0341
3995 5.0341
3996 5.0341
3997 5.0341
3998 5.0341
3999 5.0341
4000 5.0341
4001 5.0341
4002 5.0341
4003 5.0341
4004 5.0341
4005 5.0341
4006 5.0341
4007 5.0341
4008 5.0341
4009 5.0341
4010 5.0341
4011 5.0341
4012 5.0341
4013 5.0341
4014 5.0341
4015 5.0341
4016 5.0341
4017 5.0341
4018 5.0341
4019 5.0341
4020 5.0341
4021 5.0341
4022 5.0341
4023 5.0341
4024 5.0341
4025 5.0341
4026 5.0341
4027 5.0341
4028 5.0341
4029 5.0341
4030 5.0341
4031 5.0341
4032 5.0341
4033 5.0341
4034 5.0341
4035 5.0341
4036 5.0341
4037 5.0341
4038 5.0341
4039 5.0341
4040 5.0341
4041 5.0341
4042 5.0341
4043 5.0341
4044 5.0341
4045 5.0341
4046 5.0341
4047 5.0341
4048 5.0341
4049 5.0341
4050 5.0341
4051 5.0341
4052 5.0341
4053 5.0341
4054 5.0341
4055 5.0341
4056 5.0341
4057 5.0341
4058 5.0341
4059 5.0341
4060 5.0341
4061 5.0341
4062 5.0341
4063 5.0341
4064 5.0341
4065 5.0341
4066 5.0341
4067 5.0341
4068 5.0341
4069 5.0341
4070 5.0341
4071 5.0341
4072 5.0341
4073 5.0341
4074 5.0341
4075 5.0341
4076 5.0341
4077 5.0341
4078 5.0341
4079 5.0341
4080 5.0341
4081 5.0341
4082 5.0341
4083 5.0341
4084 5.0341
4085 5.0341
4086 5.0341
4087 5.0341
4088 5.0341
4089 5.0341
4090 5.0341
4091 5.0341
4092 5.0341
4093 5.0341
4094 5.0341
4095 5.0341
4096 5.0341
4097 5.0341
4098 5.0341
4099 5.0341
4100 5.0341
4101 5.0341
4102 5.0341
4103 5.0341
4104 5.0341
4105 5.0341
4106 5.0341
4107 5.0341
4108 5.0341
4109 5.0341
4110 5.0341
4111 5.0341
4112 5.0341
4113 5.0341
4114 5.0341
4115 5.0341
4116 5.0341
4117 5.0341
4118 5.0341
4119 5.0341
4120 5.0341
4121 5.0341
4122 5.0341
4123 5.0341
4124 5.0341
4125 5.0341
4126 5.0341
4127 5.0341
4128 5.0341
4129 5.0341
4130 5.0341
4131 5.0341
4132 5.0341
4133 5.0341
4134 5.0341
4135 5.0341
4136 5.0341
4137 5.0341
4138 5.0341
4139 5.0341
4140 5.0341
4141 5.0341
4142 5.0341
4143 5.0341
4144 5.0341
4145 5.0341
4146 5.0341
4147 5.0341
4148 5.0341
4149 5.0341
4150 5.0341
4151 5.0341
4152 5.0341
4153 5.0341
4154 5.0341
4155 5.0341
4156 5.0341
4157 5.0341
4158 5.0341
4159 5.0341
4160 5.0341
4161 5.0341
4162 5.0341
4163 5.0341
4164 5.0341
4165 5.0341
4166 5.0341
4167 5.0341
4168 5.0341
4169 5.0341
4170 5.0341
4171 5.0341
4172 5.0341
4173 5.0341
4174 5.0341
4175 5.0341
4176 5.0341
4177 5.0341
4178 5.0341
4179 5.0341
4180 5.0341
4181 5.0341
4182 5.0341
4183 5.0341
4184 5.0341
4185 5.0341
4186 5.0341
4187 5.0341
4188 5.0341
4189 5.0341
4190 5.0341
4191 5.0341
4192 5.0341
4193 5.0341
4194 5.0341
4195 5.0341
4196 5.0341
4197 5.0341
4198 5.0341
4199 5.0341
4200 5.0341
4201 5.0341
4202 5.0341
4203 5.0341
4204 5.0341
4205 5.0341
4206 5.0341
4207 5.0341
4208 5.0341
4209 5.0341
4210 5.0341
4211 5.0341
4212 5.0341
4213 5.0341
4214 5.0341
4215 5.0341
4216 5.0341
4217 5.0341
4218 5.0341
4219 5.0341
4220 5.0341
4221 5.0341
4222 5.0341
4223 5.0341
4224 5.0341
4225 5.0341
4226 5.0341
4227 5.0341
4228 5.0341
4229 5.0341
4230 5.0341
4231 5.0341
4232 5.0341
4233 5.0341
4234 5.0341
4235 5.0341
4236 5.0341
4237 5.0341
4238 5.0341
4239 5.0341
4240 5.0341
4241 5.0341
4242 5.0341
4243 5.0341
4244 5.0341
4245 5.0341
4246 5.0341
4247 5.0341
4248 5.0341
4249 5.0341
4250 5.0341
4251 5.0341
4252 5.0341
4253 5.0341
4254 5.0341
4255 5.0341
4256 5.0341
4257 5.0341
4258 5.0341
4259 5.0341
4260 5.0341
4261 5.0341
4262 5.0341
4263 5.0341
4264 5.0341
4265 5.0341
4266 5.0341
4267 5.0341
4268 5.0341
4269 5.0341
4270 5.0341
4271 5.0341
4272 5.0341
4273 5.0341
4274 5.0341
4275 5.0341
4276 5.0341
4277 5.0341
4278 5.0341
4279 5.0341
4280 5.0341
4281 5.0341
4282 5.0341
4283 5.0341
4284 5.0341
4285 5.0341
4286 5.0341
4287 5.0341
4288 5.0341
4289 5.0341
4290 5.0341
4291 5.0341
4292 5.0341
4293 5.0341
4294 5.0341
4295 5.0341
4296 5.0341
4297 5.0341
4298 5.0341
4299 5.0341
4300 5.0341
4301 5.0341
4302 5.0341
4303 5.0341
4304 5.0341
4305 5.0341
4306 5.0341
4307 5.0341
4308 5.0341
4309 5.0341
4310 5.0341
4311 5.0341
4312 5.0341
4313 5.0341
4314 5.0341
4315 5.0341
4316 5.0341
4317 5.0341
4318 5.0341
4319 5.0341
4320 5.0341
4321 5.0341
4322 5.0341
4323 5.0341
4324 5.0341
4325 5.0341
4326 5.0341
4327 5.0341
4328 5.0341
4329 5.0341
4330 5.0341
4331 5.0341
4332 5.0341
4333 5.0341
4334 5.0341
4335 5.0341
4336 5.0341
4337 5.0341
4338 5.0341
4339 5.0341
4340 5.0341
4341 5.0341
4342 5.0341
4343 5.0341
4344 5.0341
4345 5.0341
4346 5.0341
4347 5.0341
4348 5.0341
4349 5.0341
4350 5.0341
4351 5.0341
4352 5.0341
4353 5.0341
4354 5.0341
4355 5.0341
4356 5.0341
4357 5.0341
4358 5.0341
4359 5.0341
4360 5.0341
4361 5.0341
4362 5.0341
4363 5.0341
4364 5.0341
4365 5.0341
4366 5.0341
4367 5.0341
4368 5.0341
4369 5.0341
4370 5.0341
4371 5.0341
4372 5.0341
4373 5.0341
4374 5.0341
4375 5.0341
4376 5.0341
4377 5.0341
4378 5.0341
4379 5.0341
4380 5.0341
4381 5.0341
4382 5.0341
4383 5.0341
4384 5.0341
4385 5.0341
4386 5.0341
4387 5.0341
4388 5.0341
4389 5.0341
4390 5.0341
4391 5.0341
4392 5.0341
4393 5.0341
4394 5.0341
4395 5.0341
4396 5.0341
4397 5.0341
4398 5.0341
4399 5.0341
4400 5.0341
4401 5.0341
4402 5.0341
4403 5.0341
4404 5.0341
4405 5.0341
4406 5.0341
4407 5.0341
4408 5.0341
4409 5.0341
4410 5.0341
4411 5.0341
4412 5.0341
4413 5.0341
4414 5.0341
4415 5.0341
4416 5.0341
4417 5.0341
4418 5.0341
4419 5.0341
4420 5.0341
4421 5.0341
4422 5.0341
4423 5.0341
4424 5.0341
4425 5.0341
4426 5.0341
4427 5.0341
4428 5.0341
4429 5.0341
4430 5.0341
4431 5.0341
4432 5.0341
4433 5.0341
4434 5.0341
4435 5.0341
4436 5.0341
4437 5.0341
4438 5.0341
4439 5.0341
4440 5.0341
4441 5.0341
4442 5.0341
4443 5.0341
4444 5.0341
4445 5.0341
4446 5.0341
4447 5.0341
4448 5.0341
4449 5.0341
4450 5.0341
4451 5.0341
4452 5.0341
4453 5.0341
4454 5.0341
4455 5.0341
4456 5.0341
4457 5.0341
4458 5.0341
4459 5.0341
4460 5.0341
4461 5.0341
4462 5.0341
4463 5.0341
4464 5.0341
4465 5.0341
4466 5.0341
4467 5.0341
4468 5.0341
4469 5.0341
4470 5.0341
4471 5.0341
4472 5.0341
4473 5.0341
4474 5.0341
4475 5.0341
4476 5.0341
4477 5.0341
4478 5.0341
4479 5.0341
4480 5.0341
4481 5.0341
4482 5.0341
4483 5.0341
4484 5.0341
4485 5.0341
4486 5.0341
4487 5.0341
4488 5.0341
4489 5.0341
4490 5.0341
4491 5.0341
4492 5.0341
4493 5.0341
4494 5.0341
4495 5.0341
4496 5.0341
4497 5.0341
4498 5.0341
4499 5.0341
4500 5.0341
4501 5.0341
4502 5.0341
4503 5.0341
4504 5.0341
4505 5.0341
4506 5.0341
4507 5.0341
4508 5.0341
4509 5.0341
4510 5.0341
4511 5.0341
4512 5.0341
4513 5.0341
4514 5.0341
4515 5.0341
4516 5.0341
4517 5.0341
4518 5.0341
4519 5.0341
4520 5.0341
4521 5.0341
4522 5.0341
4523 5.0341
4524 5.0341
4525 5.0341
4526 5.0341
4527 5.0341
4528 5.0341
4529 5.0341
4530 5.0341
4531 5.0341
4532 5.0341
4533 5.0341
4534 5.0341
4535 5.0341
4536 5.0341
4537 5.0341
4538 5.0341
4539 5.0341
4540 5.0341
4541 5.0341
4542 5.0341
4543 5.0341
4544 5.0341
4545 5.0341
4546 5.0341
4547 5.0341
4548 5.0341
4549 5.0341
4550 5.0341
4551 5.0341
4552 5.0341
4553 5.0341
4554 5.0341
4555 5.0341
4556 5.0341
4557 5.0341
4558 5.0341
4559 5.0341
4560 5.0341
4561 5.0341
4562 5.0341
4563 5.0341
4564 5.0341
4565 5.0341
4566 5.0341
4567 5.0341
4568 5.0341
4569 5.0341
4570 5.0341
4571 5.0341
4572 5.0341
4573 5.0341
4574 5.0341
4575 5.0341
4576 5.0341
4577 5.0341
4578 5.0341
4579 5.0341
4580 5.0341
4581 5.0341
4582 5.0341
4583 5.0341
4584 5.0341
4585 5.0341
4586 5.0341
4587 5.0341
4588 5.0341
4589 5.0341
4590 5.0341
4591 5.0341
4592 5.0341
4593 5.0341
4594 5.0341
4595 5.0341
4596 5.0341
4597 5.0341
4598 5.0341
4599 5.0341
4600 5.0341
4601 5.0341
4602 5.0341
4603 5.0341
4604 5.0341
4605 5.0341
4606 5.0341
4607 5.0341
4608 5.0341
4609 5.0341
4610 5.0341
4611 5.0341
4612 5.0341
4613 5.0341
4614 5.0341
4615 5.0341
4616 5.0341
4617 5.0341
4618 5.0341
4619 5.0341
4620 5.0341
4621 5.0341
4622 5.0341
4623 5.0341
4624 5.0341
4625 5.0341
4626 5.0341
4627 5.0341
4628 5.0341
4629 5.0341
4630 5.0341
4631 5.0341
4632 5.0341
4633 5.0341
4634 5.0341
4635 5.0341
4636 5.0341
4637 5.0341
4638 5.0341
4639 5.0341
4640 5.0341
4641 5.0341
4642 5.0341
4643 5.0341
4644 5.0341
4645 5.0341
4646 5.0341
4647 5.0341
4648 5.0341
4649 5.0341
4650 5.0341
4651 5.0341
4652 5.0341
4653 5.0341
4654 5.0341
4655 5.0341
4656 5.0341
4657 5.0341
4658 5.0341
4659 5.0341
4660 5.0341
4661 5.0341
4662 5.0341
4663 5.0341
4664 5.0341
4665 5.0341
4666 5.0341
4667 5.0341
4668 5.0341
4669 5.0341
4670 5.0341
4671 5.0341
4672 5.0341
4673 5.0341
4674 5.0341
4675 5.0341
4676 5.0341
4677 5.0341
4678 5.0341
4679 5.0341
4680 5.0341
4681 5.0341
4682 5.0341
4683 5.0341
4684 5.0341
4685 5.0341
4686 5.0341
4687 5.0341
4688 5.0341
4689 5.0341
4690 5.0341
4691 5.0341
4692 5.0341
4693 5.0341
4694 5.0341
4695 5.0341
4696 5.0341
4697 5.0341
4698 5.0341
4699 5.0341
4700 5.0341
4701 5.0341
4702 5.0341
4703 5.0341
4704 5.0341
4705 5.0341
4706 5.0341
4707 5.0341
4708 5.0341
4709 5.0341
4710 5.0341
4711 5.0341
4712 5.0341
4713 5.0341
4714 5.0341
4715 5.0341
4716 5.0341
4717 5.0341
4718 5.0341
4719 5.0341
4720 5.0341
4721 5.0341
4722 5.0341
4723 5.0341
4724 5.0341
4725 5.0341
4726 5.0341
4727 5.0341
4728 5.0341
4729 5.0341
4730 5.0341
4731 5.0341
4732 5.0341
4733 5.0341
4734 5.0341
4735 5.0341
4736 5.0341
4737 5.0341
4738 5.0341
4739 5.0341
4740 5.0341
4741 5.0341
4742 5.0341
4743 5.0341
4744 5.0341
4745 5.0341
4746 5.0341
4747 5.0341
4748 5.0341
4749 5.0341
4750 5.0341
4751 5.0341
4752 5.0341
4753 5.0341
4754 5.0341
4755 5.0341
4756 5.0341
4757 5.0341
4758 5.0341
4759 5.0341
4760 5.0341
4761 5.0341
4762 5.0341
4763 5.0341
4764 5.0341
4765 5.0341
4766 5.0341
4767 5.0341
4768 5.0341
4769 5.0341
4770 5.0341
4771 5.0341
4772 5.0341
4773 5.0341
4774 5.0341
4775 5.0341
4776 5.0341
4777 5.0341
4778 5.0341
4779 5.0341
4780 5.0341
4781 5.0341
4782 5.0341
4783 5.0341
4784 5.0341
4785 5.0341
4786 5.0341
4787 5.0341
4788 5.0341
4789 5.0341
4790 5.0341
4791 5.0341
4792 5.0341
4793 5.0341
4794 5.0341
4795 5.0341
4796 5.0341
4797 5.0341
4798 5.0341
4799 5.0341
4800 5.0341
4801 5.0341
4802 5.0341
4803 5.0341
4804 5.0341
4805 5.0341
4806 5.0341
4807 5.0341
4808 5.0341
4809 5.0341
4810 5.0341
4811 5.0341
4812 5.0341
4813 5.0341
4814 5.0341
4815 5.0341
4816 5.0341
4817 5.0341
4818 5.0341
4819 5.0341
4820 5.0341
4821 5.0341
4822 5.0341
4823 5.0341
4824 5.0341
4825 5.0341
4826 5.0341
4827 5.0341
4828 5.0341
4829 5.0341
4830 5.0341
4831 5.0341
4832 5.0341
4833 5.0341
4834 5.0341
4835 5.0341
4836 5.0341
4837 5.0341
4838 5.0341
4839 5.0341
4840 5.0341
4841 5.0341
4842 5.0341
4843 5.0341
4844 5.0341
4845 5.0341
4846 5.0341
4847 5.0341
4848 5.0341
4849 5.0341
4850 5.0341
4851 5.0341
4852 5.0341
4853 5.0341
4854 5.0341
4855 5.0341
4856 5.0341
4857 5.0341
4858 5.0341
4859 5.0341
4860 5.0341
4861 5.0341
4862 5.0341
4863 5.0341
4864 5.0341
4865 5.0341
4866 5.0341
4867 5.0341
4868 5.0341
4869 5.0341
4870 5.0341
4871 5.0341
4872 5.0341
4873 5.0341
4874 5.0341
4875 5.0341
4876 5.0341
4877 5.0341
4878 5.0341
4879 5.0341
4880 5.0341
4881 5.0341
4882 5.0341
4883 5.0341
4884 5.0341
4885 5.0341
4886 5.0341
4887 5.0341
4888 5.0341
4889 5.0341
4890 5.0341
4891 5.0341
4892 5.0341
4893 5.0341
4894 5.0341
4895 5.0341
4896 5.0341
4897 5.0341
4898 5.0341
4899 5.0341
4900 5.0341
4901 5.0341
4902 5.0341
4903 5.0341
4904 5.0341
4905 5.0341
4906 5.0341
4907 5.0341
4908 5.0341
4909 5.0341
4910 5.0341
4911 5.0341
4912 5.0341
4913 5.0341
4914 5.0341
4915 5.0341
4916 5.0341
4917 5.0341
4918 5.0341
4919 5.0341
4920 5.0341
4921 5.0341
4922 5.0341
4923 5.0341
4924 5.0341
4925 5.0341
4926 5.0341
4927 5.0341
4928 5.0341
4929 5.0341
4930 5.0341
4931 5.0341
4932 5.0341
4933 5.0341
4934 5.0341
4935 5.0341
4936 5.0341
4937 5.0341
4938 5.0341
4939 5.0341
4940 5.0341
4941 5.0341
4942 5.0341
4943 5.0341
4944 5.0341
4945 5.0341
4946 5.0341
4947 5.0341
4948 5.0341
4949 5.0341
4950 5.0341
4951 5.0341
4952 5.0341
4953 5.0341
4954 5.0341
4955 5.0341
4956 5.0341
4957 5.0341
4958 5.0341
4959 5.0341
4960 5.0341
4961 5.0341
4962 5.0341
4963 5.0341
4964 5.0341
4965 5.0341
4966 5.0341
4967 5.0341
4968 5.0341
4969 5.0341
4970 5.0341
4971 5.0341
4972 5.0341
4973 5.0341
4974 5.0341
4975 5.0341
4976 5.0341
4977 5.0341
4978 5.0341
4979 5.0341
4980 5.0341
4981 5.0341
4982 5.0341
4983 5.0341
4984 5.0341
4985 5.0341
4986 5.0341
4987 5.0341
4988 5.0341
4989 5.0341
4990 5.0341
4991 5.0341
4992 5.0341
4993 5.0341
4994 5.0341
4995 5.0341
4996 5.0341
4997 5.0341
4998 5.0341
4999 5.0341
5000 5.0341
5001 5.0341
5002 5.0341
5003 5.0341
5004 5.0341
5005 5.0341
5006 5.0341
5007 5.0341
5008 5.0341
5009 5.0341
5010 5.0341
5011 5.0341
5012 5.0341
5013 5.0341
5014 5.0341
5015 5.0341
5016 5.0341
5017 5.0341
5018 5.0341
5019 5.0341
5020 5.0341
5021 5.0341
5022 5.0341
5023 5.0341
5024 5.0341
5025 5.0341
5026 5.0341
5027 5.0341
5028 5.0341
5029 5.0341
5030 5.0341
5031 5.0341
5032 5.0341
5033 5.0341
5034 5.0341
5035 5.0341
5036 5.0341
5037 5.0341
5038 5.0341
5039 5.0341
5040 5.0341
5041 5.0341
5042 5.0341
5043 5.0341
5044 5.0341
5045 5.0341
5046 5.0341
5047 5.0341
5048 5.0341
5049 5.0341
5050 5.0341
5051 5.0341
5052 5.0341
5053 5.0341
5054 5.0341
5055 5.0341
5056 5.0341
5057 5.0341
5058 5.0341
5059 5.0341
5060 5.0341
5061 5.0341
5062 5.0341
5063 5.0341
5064 5.0341
5065 5.0341
5066 5.0341
5067 5.0341
5068 5.0341
5069 5.0341
5070 5.0341
5071 5.0341
5072 5.0341
5073 5.0341
5074 5.0341
5075 5.0341
5076 5.0341
5077 5.0341
5078 5.0341
5079 5.0341
5080 5.0341
5081 5.0341
5082 5.0341
5083 5.0341
5084 5.0341
5085 5.0341
5086 5.0341
5087 5.0341
5088 5.0341
5089 5.0341
5090 5.0341
5091 5.0341
5092 5.0341
5093 5.0341
5094 5.0341
5095 5.0341
5096 5.0341
5097 5.0341
5098 5.0341
5099 5.0341
5100 5.0341
5101 5.0341
5102 5.0341
5103 5.0341
5104 5.0341
5105 5.0341
5106 5.0341
5107 5.0341
5108 5.0341
5109 5.0341
5110 5.0341
5111 5.0341
5112 5.0341
5113 5.0341
5114 5.0341
5115 5.0341
5116 5.0341
5117 5.0341
5118 5.0341
5119 5.0341
5120 5.0341
5121 5.0341
5122 5.0341
5123 5.0341
5124 5.0341
5125 5.0341
5126 5.0341
5127 5.0341
5128 5.0341
5129 5.0341
5130 5.0341
5131 5.0341
5132 5.0341
5133 5.0341
5134 5.0341
5135 5.0341
5136 5.0341
5137 5.0341
5138 5.0341
5139 5.0341
5140 5.0341
5141 5.0341
5142 5.0341
5143 5.0341
5144 5.0341
5145 5.0341
5146 5.0341
5147 5.0341
5148 5.0341
5149 5.0341
5150 5.0341
5151 5.0341
5152 5.0341
5153 5.0341
5154 5.0341
5155 5.0341
5156 5.0341
5157 5.0341
5158 5.0341
5159 5.0341
5160 5.0341
5161 5.0341
5162 5.0341
5163 5.0341
5164 5.0341
5165 5.0341
5166 5.0341
5167 5.0341
5168 5.0341
5169 5.0341
5170 5.0341
5171 5.0341
5172 5.0341
5173 5.0341
5174 5.0341
5175 5.0341
5176 5.0341
5177 5.0341
5178 5.0341
5179 5.0341
5180 5.0341
5181 5.0341
5182 5.0341
5183 5.0341
5184 5.0341
5185 5.0341
5186 5.0341
5187 5.0341
5188 5.0341
5189 5.0341
5190 5.0341
5191 5.0341
5192 5.0341
5193 5.0341
5194 5.0341
5195 5.0341
5196 5.0341
5197 5.0341
5198 5.0341
5199 5.0341
5200 5.0341
5201 5.0341
5202 5.0341
5203 5.0341
5204 5.0341
5205 5.0341
5206 5.0341
5207 5.0341
5208 5.0341
5209 5.0341
5210 5.0341
5211 5.0341
5212 5.0341
5213 5.0341
5214 5.0341
5215 5.0341
5216 5.0341
5217 5.0341
5218 5.0341
5219 5.0341
5220 5.0341
5221 5.0341
5222 5.0341
5223 5.0341
5224 5.0341
5225 5.0341
5226 5.0341
5227 5.0341
5228 5.0341
5229 5.0341
5230 5.0341
5231 5.0341
5232 5.0341
5233 5.0341
5234 5.0341
5235 5.0341
5236 5.0341
5237 5.0341
5238 5.0341
5239 5.0341
5240 5.0341
5241 5.0341
5242 5.0341
5243 5.0341
5244 5.0341
5245 5.0341
5246 5.0341
5247 5.0341
5248 5.0341
5249 5.0341
5250 5.0341
5251 5.0341
5252 5.0341
5253 5.0341
5254 5.0341
5255 5.0341
5256 5.0341
5257 5.0341
5258 5.0341
5259 5.0341
5260 5.0341
5261 5.0341
5262 5.0341
5263 5.0341
5264 5.0341
5265 5.0341
5266 5.0341
5267 5.0341
5268 5.0341
5269 5.0341
5270 5.0341
5271 5.0341
5272 5.0341
5273 5.0341
5274 5.0341
5275 5.0341
5276 5.0341
5277 5.0341
5278 5.0341
5279 5.0341
5280 5.0341
5281 5.0341
5282 5.0341
5283 5.0341
5284 5.0341
5285 5.0341
5286 5.0341
5287 5.0341
5288 5.0341
5289 5.0341
5290 5.0341
5291 5.0341
5292 5.0341
5293 5.0341
5294 5.0341
5295 5.0341
5296 5.0341
5297 5.0341
5298 5.0341
5299 5.0341
5300 5.0341
5301 5.0341
5302 5.0341
5303 5.0341
5304 5.0341
5305 5.0341
5306 5.0341
5307 5.0341
5308 5.0341
5309 5.0341
5310 5.0341
5311 5.0341
5312 5.0341
5313 5.0341
5314 5.0341
5315 5.0341
5316 5.0341
5317 5.0341
5318 5.0341
5319 5.0341
5320 5.0341
5321 5.0341
5322 5.0341
5323 5.0341
5324 5.0341
5325 5.0341
5326 5.0341
5327 5.0341
5328 5.0341
5329 5.0341
5330 5.0341
5331 5.0341
5332 5.0341
5333 5.0341
5334 5.0341
5335 5.0341
5336 5.0341
5337 5.0341
5338 5.0341
5339 5.0341
5340 5.0341
5341 5.0341
5342 5.0341
5343 5.0341
5344 5.0341
5345 5.0341
5346 5.0341
5347 5.0341
5348 5.0341
5349 5.0341
5350 5.0341
5351 5.0341
5352 5.0341
5353 5.0341
5354 5.0341
5355 5.0341
5356 5.0341
5357 5.0341
5358 5.0341
5359 5.0341
5360 5.0341
5361 5.0341
5362 5.0341
5363 5.0341
5364 5.0341
5365 5.0341
5366 5.0341
5367 5.0341
5368 5.0341
5369 5.0341
5370 5.0341
5371 5.0341
5372 5.0341
5373 5.0341
5374 5.0341
5375 5.0341
5376 5.0341
5377 5.0341
5378 5.0341
5379 5.0341
5380 5.0341
5381 5.0341
5382 5.0341
5383 5.0341
5384 5.0341
5385 5.0341
5386 5.0341
5387 5.0341
5388 5.0341
5389 5.0341
5390 5.0341
5391 5.0341
5392 5.0341
5393 5.0341
5394 5.0341
5395 5.0341
5396 5.0341
5397 5.0341
5398 5.0341
5399 5.0341
5400 5.0341
5401 5.0341
5402 5.0341
5403 5.0341
5404 5.0341
5405 5.0341
5406 5.0341
5407 5.0341
5408 5.0341
5409 5.0341
5410 5.0341
5411 5.0341
5412 5.0341
5413 5.0341
5414 5.0341
5415 5.0341
5416 5.0341
5417 5.0341
5418 5.0341
5419 5.0341
5420 5.0341
5421 5.0341
5422 5.0341
5423 5.0341
5424 5.0341
5425 5.0341
5426 5.0341
5427 5.0341
5428 5.0341
5429 5.0341
5430 5.0341
5431 5.0341
5432 5.0341
5433 5.0341
5434 5.0341
5435 5.0341
5436 5.0341
5437 5.0341
5438 5.0341
5439 5.0341
5440 5.0341
5441 5.0341
5442 5.0341
5443 5.0341
5444 5.0341
5445 5.0341
5446 5.0341
5447 5.0341
5448 5.0341
5449 5.0341
5450 5.0341
5451 5.0341
5452 5.0341
5453 5.0341
5454 5.0341
5455 5.0341
5456 5.0341
5457 5.0341
5458 5.0341
5459 5.0341
5460 5.0341
5461 5.0341
5462 5.0341
5463 5.0341
5464 5.0341
5465 5.0341
5466 5.0341
5467 5.0341
5468 5.0341
5469 5.0341
5470 5.0341
5471 5.0341
5472 5.0341
5473 5.0341
5474 5.0341
5475 5.0341
5476 5.0341
5477 5.0341
5478 5.0341
5479 5.0341
5480 5.0341
5481 5.0341
5482 5.0341
5483 5.0341
5484 5.0341
5485 5.0341
5486 5.0341
5487 5.0341
5488 5.0341
5489 5.0341
5490 5.0341
5491 5.0341
5492 5.0341
5493 5.0341
5494 5.0341
5495 5.0341
5496 5.0341
5497 5.0341
5498 5.0341
5499 5.0341
5500 5.0341
5501 5.0341
5502 5.0341
5503 5.0341
5504 5.0341
5505 5.0341
5506 5.0341
5507 5.0341
5508 5.0341
5509 5.0341
5510 5.0341
5511 5.0341
5512 5.0341
5513 5.0341
5514 5.0341
5515 5.0341
5516 5.0341
5517 5.0341
5518 5.0341
5519 5.0341
5520 5.0341
5521 5.0341
5522 5.0341
5523 5.0341
5524 5.0341
5525 5.0341
5526 5.0341
5527 5.0341
5528 5.0341
5529 5.0341
5530 5.0341
5531 5.0341
5532 5.0341
5533 5.0341
5534 5.0341
5535 5.0341
5536 5.0341
5537 5.0341
5538 5.0341
5539 5.0341
5540 5.0341
5541 5.0341
5542 5.0341
5543 5.0341
5544 5.0341
5545 5.0341
5546 5.0341
5547 5.0341
5548 5.0341
5549 5.0341
5550 5.0341
5551 5.0341
5552 5.0341
5553 5.0341
5554 5.0341
5555 5.0341
5556 5.0341
5557 5.0341
5558 5.0341
5559 5.0341
5560 5.0341
5561 5.0341
5562 5.0341
5563 5.0341
5564 5.0341
5565 5.0341
5566 5.0341
5567 5.0341
5568 5.0341
5569 5.0341
5570 5.0341
5571 5.0341
5572 5.0341
5573 5.0341
5574 5.0341
5575 5.0341
5576 5.0341
5577 5.0341
5578 5.0341
5579 5.0341
5580 5.0341
5581 5.0341
5582 5.0341
5583 5.0341
5584 5.0341
5585 5.0341
5586 5.0341
5587 5.0341
5588 5.0341
5589 5.0341
5590 5.0341
5591 5.0341
5592 5.0341
5593 5.0341
5594 5.0341
5595 5.0341
5596 5.0341
5597 5.0341
5598 5.0341
5599 5.0341
5600 5.0341
5601 5.0341
5602 5.0341
5603 5.0341
5604 5.0341
5605 5.0341
5606 5.0341
5607 5.0341
5608 5.0341
5609 5.0341
5610 5.0341
5611 5.0341
5612 5.0341
5613 5.0341
5614 5.0341
5615 5.0341
5616 5.0341
5617 5.0341
5618 5.0341
5619 5.0341
5620 5.0341
5621 5.0341
5622 5.0341
5623 5.0341
5624 5.0341
5625 5.0341
5626 5.0341
5627 5.0341
5628 5.0341
5629 5.0341
5630 5.0341
5631 5.0341
5632 5.0341
5633 5.0341
5634 5.0341
5635 5.0341
5636 5.0341
5637 5.0341
5638 5.0341
5639 5.0341
5640 5.0341
5641 5.0341
5642 5.0341
5643 5.0341
5644 5.0341
5645 5.0341
5646 5.0341
5647 5.0341
5648 5.0341
5649 5.0341
5650 5.0341
5651 5.0341
5652 5.0341
5653 5.0341
5654 5.0341
5655 5.0341
5656 5.0341
5657 5.0341
5658 5.0341
5659 5.0341
5660 5.0341
5661 5.0341
5662 5.0341
5663 5.0341
5664 5.0341
5665 5.0341
5666 5.0341
5667 5.0341
5668 5.0341
5669 5.0341
5670 5.0341
5671 5.0341
5672 5.0341
5673 5.0341
5674 5.0341
5675 5.0341
5676 5.0341
5677 5.0341
5678 5.0341
5679 5.0341
5680 5.0341
5681 5.0341
5682 5.0341
5683 5.0341
5684 5.0341
5685 5.0341
5686 5.0341
5687 5.0341
5688 5.0341
5689 5.0341
5690 5.0341
5691 5.0341
5692 5.0341
5693 5.0341
5694 5.0341
5695 5.0341
5696 5.0341
5697 5.0341
5698 5.0341
5699 5.0341
5700 5.0341
5701 5.0341
5702 5.0341
5703 5.0341
5704 5.0341
5705 5.0341
5706 5.0341
5707 5.0341
5708 5.0341
5709 5.0341
5710 5.0341
5711 5.0341
5712 5.0341
5713 5.0341
5714 5.0341
5715 5.0341
5716 5.0341
5717 5.0341
5718 5.0341
5719 5.0341
5720 5.0341
5721 5.0341
5722 5.0341
5723 5.0341
5724 5.0341
5725 5.0341
5726 5.0341
5727 5.0341
5728 5.0341
5729 5.0341
5730 5.0341
5731 5.0341
5732 5.0341
5733 5.0341
5734 5.0341
5735 5.0341
5736 5.0341
5737 5.0341
5738 5.0341
5739 5.0341
5740 5.0341
5741 5.0341
5742 5.0341
5743 5.0341
5744 5.0341
5745 5.0341
5746 5.0341
5747 5.0341
5748 5.0341
5749 5.0341
5750 5.0341
5751 5.0341
5752 5.0341
5753 5.0341
5754 5.0341
5755 5.0341
5756 5.0341
5757 5.0341
5758 5.0341
5759 5.0341
5760 5.0341
5761 5.0341
5762 5.0341
5763 5.0341
5764 5.0341
5765 5.0341
5766 5.0341
5767 5.0341
5768 5.0341
5769 5.0341
5770 5.0341
5771 5.0341
5772 5.0341
5773 5.0341
5774 5.0341
5775 5.0341
5776 5.0341
5777 5.0341
5778 5.0341
5779 5.0341
5780 5.0341
5781 5.0341
5782 5.0341
5783 5.0341
5784 5.0341
5785 5.0341
5786 5.0341
5787 5.0341
5788 5.0341
5789 5.0341
5790 5.0341
5791 5.0341
5792 5.0341
5793 5.0341
5794 5.0341
5795 5.0341
5796 5.0341
5797 5.0341
5798 5.0341
5799 5.0341
5800 5.0341
5801 5.0341
5802 5.0341
5803 5.0341
5804 5.0341
5805 5.0341
5806 5.0341
5807 5.0341
5808 5.0341
5809 5.0341
5810 5.0341
5811 5.0341
5812 5.0341
5813 5.0341
5814 5.0341
5815 5.0341
5816 5.0341
5817 5.0341
5818 5.0341
5819 5.0341
5820 5.0341
5821 5.0341
5822 5.0341
5823 5.0341
5824 5.0341
5825 5.0341
5826 5.0341
5827 5.0341
5828 5.0341
5829 5.0341
5830 5.0341
5831 5.0341
5832 5.0341
5833 5.0341
5834 5.0341
5835 5.0341
5836 5.0341
5837 5.0341
5838 5.0341
5839 5.0341
5840 5.0341
5841 5.0341
5842 5.0341
5843 5.0341
5844 5.0341
5845 5.0341
5846 5.0341
5847 5.0341
5848 5.0341
5849 5.0341
5850 5.0341
5851 5.0341
5852 5.0341
5853 5.0341
5854 5.0341
5855 5.0341
5856 5.0341
5857 5.0341
5858 5.0341
5859 5.0341
5860 5.0341
5861 5.0341
5862 5.0341
5863 5.0341
5864 5.0341
5865 5.0341
5866 5.0341
5867 5.0341
5868 5.0341
5869 5.0341
5870 5.0341
5871 5.0341
5872 5.0341
5873 5.0341
5874 5.0341
5875 5.0341
5876 5.0341
5877 5.0341
5878 5.0341
5879 5.0341
5880 5.0341
5881 5.0341
5882 5.0341
5883 5.0341
5884 5.0341
5885 5.0341
5886 5.0341
5887 5.0341
5888 5.0341
5889 5.0341
5890 5.0341
5891 5.0341
5892 5.0341
5893 5.0341
5894 5.0341
5895 5.0341
5896 5.0341
5897 5.0341
5898 5.0341
5899 5.0341
5900 5.0341
5901 5.0341
5902 5.0341
5903 5.0341
5904 5.0341
5905 5.0341
5906 5.0341
5907 5.0341
5908 5.0341
5909 5.0341
5910 5.0341
5911 5.0341
5912 5.0341
5913 5.0341
5914 5.0341
5915 5.0341
5916 5.0341
5917 5.0341
5918 5.0341
5919 5.0341
5920 5.0341
5921 5.0341
5922 5.0341
5923 5.0341
5924 5.0341
5925 5.0341
5926 5.0341
5927 5.0341
5928 5.0341
5929 5.0341
5930 5.0341
5931 5.0341
5932 5.0341
5933 5.0341
5934 5.0341
5935 5.0341
5936 5.0341
5937 5.0341
5938 5.0341
5939 5.0341
5940 5.0341
5941 5.0341
5942 5.0341
5943 5.0341
5944 5.0341
5945 5.0341
5946 5.0341
5947 5.0341
5948 5.0341
5949 5.0341
5950 5.0341
5951 5.0341
5952 5.0341
5953 5.0341
5954 5.0341
5955 5.0341
5956 5.0341
5957 5.0341
5958 5.0341
5959 5.0341
5960 5.0341
5961 5.0341
5962 5.0341
5963 5.0341
5964 5.0341
5965 5.0341
5966 5.0341
5967 5.0341
5968 5.0341
5969 5.0341
5970 5.0341
5971 5.0341
5972 5.0341
5973 5.0341
5974 5.0341
5975 5.0341
5976 5.0341
5977 5.0341
5978 5.0341
5979 5.0341
5980 5.0341
5981 5.0341
5982 5.0341
5983 5.0341
5984 5.0341
5985 5.0341
5986 5.0341
5987 5.0341
5988 5.0341
5989 5.0341
5990 5.0341
5991 5.0341
5992 5.0341
5993 5.0341
5994 5.0341
5995 5.0341
5996 5.0341
5997 5.0341
5998 5.0341
5999 5.0341
6000 5.0341
6001 5.0341
6002 5.0341
6003 5.0341
6004 5.0341
6005 5.0341
6006 5.0341
6007 5.0341
6008 5.0341
6009 5.0341
6010 5.0341
6011 5.0341
6012 5.0341
6013 5.0341
6014 5.0341
6015 5.0341
6016 5.0341
6017 5.0341
6018 5.0341
6019 5.0341
6020 5.0341
6021 5.0341
6022 5.0341
6023 5.0341
6024 5.0341
6025 5.0341
6026 5.0341
6027 5.0341
6028 5.0341
6029 5.0341
6030 5.0341
6031 5.0341
6032 5.0341
6033 5.0341
6034 5.0341
6035 5.0341
6036 5.0341
6037 5.0341
6038 5.0341
6039 5.0341
6040 5.0341
6041 5.0341
6042 5.0341
6043 5.0341
6044 5.0341
6045 5.0341
6046 5.0341
6047 5.0341
6048 5.0341
6049 5.0341
6050 5.0341
6051 5.0341
6052 5.0341
6053 5.0341
6054 5.0341
6055 5.0341
6056 5.0341
6057 5.0341
6058 5.0341
6059 5.0341
6060 5.0341
6061 5.0341
6062 5.0341
6063 5.0341
6064 5.0341
6065 5.0341
6066 5.0341
6067 5.0341
6068 5.0341
6069 5.0341
6070 5.0341
6071 5.0341
6072 5.0341
6073 5.0341
6074 5.0341
6075 5.0341
6076 5.0341
6077 5.0341
6078 5.0341
6079 5.0341
6080 5.0341
6081 5.0341
6082 5.0341
6083 5.0341
6084 5.0341
6085 5.0341
6086 5.0341
6087 5.0341
6088 5.0341
6089 5.0341
6090 5.0341
6091 5.0341
6092 5.0341
6093 5.0341
6094 5.0341
6095 5.0341
6096 5.0341
6097 5.0341
6098 5.0341
6099 5.0341
6100 5.0341
6101 5.0341
6102 5.0341
6103 5.0341
6104 5.0341
6105 5.0341
6106 5.0341
6107 5.0341
6108 5.0341
6109 5.0341
6110 5.0341
6111 5.0341
6112 5.0341
6113 5.0341
6114 5.0341
6115 5.0341
6116 5.0341
6117 5.0341
6118 5.0341
6119 5.0341
6120 5.0341
6121 5.0341
6122 5.0341
6123 5.0341
6124 5.0341
6125 5.0341
6126 5.0341
6127 5.0341
6128 5.0341
6129 5.0341
6130 5.0341
6131 5.0341
6132 5.0341
6133 5.0341
6134 5.0341
6135 5.0341
6136 5.0341
6137 5.0341
6138 5.0341
6139 5.0341
6140 5.0341
6141 5.0341
6142 5.0341
6143 5.0341
6144 5.0341
6145 5.0341
6146 5.0341
6147 5.0341
6148 5.0341
6149 5.0341
6150 5.0341
6151 5.0341
6152 5.0341
6153 5.0341
6154 5.0341
6155 5.0341
6156 5.0341
6157 5.0341
6158 5.0341
6159 5.0341
6160 5.0341
6161 5.0341
6162 5.0341
6163 5.0341
6164 5.0341
6165 5.0341
6166 5.0341
6167 5.0341
6168 5.0341
6169 5.0341
6170 5.0341
6171 5.0341
6172 5.0341
6173 5.0341
6174 5.0341
6175 5.0341
6176 5.0341
6177 5.0341
6178 5.0341
6179 5.0341
6180 5.0341
6181 5.0341
6182 5.0341
6183 5.0341
6184 5.0341
6185 5.0341
6186 5.0341
6187 5.0341
6188 5.0341
6189 5.0341
6190 5.0341
6191 5.0341
6192 5.0341
6193 5.0341
6194 5.0341
6195 5.0341
6196 5.0341
6197 5.0341
6198 5.0341
6199 5.0341
6200 5.0341
6201 5.0341
6202 5.0341
6203 5.0341
6204 5.0341
6205 5.0341
6206 5.0341
6207 5.0341
6208 5.0341
6209 5.0341
6210 5.0341
6211 5.0341
6212 5.0341
6213 5.0341
6214 5.0341
6215 5.0341
6216 5.0341
6217 5.0341
6218 5.0341
6219 5.0341
6220 5.0341
6221 5.0341
6222 5.0341
6223 5.0341
6224 5.0341
6225 5.0341
6226 5.0341
6227 5.0341
6228 5.0341
6229 5.0341
6230 5.0341
6231 5.0341
6232 5.0341
6233 5.0341
6234 5.0341
6235 5.0341
6236 5.0341
6237 5.0341
6238 5.0341
6239 5.0341
6240 5.0341
6241 5.0341
6242 5.0341
6243 5.0341
6244 5.0341
6245 5.0341
6246 5.0341
6247 5.0341
6248 5.0341
6249 5.0341
6250 5.0341
6251 5.0341
6252 5.0341
6253 5.0341
6254 5.0341
6255 5.0341
6256 5.0341
6257 5.0341
6258 5.0341
6259 5.0341
6260 5.0341
6261 5.0341
6262 5.0341
6263 5.0341
6264 5.0341
6265 5.0341
6266 5.0341
6267 5.0341
6268 5.0341
6269 5.0341
6270 5.0341
6271 5.0341
6272 5.0341
6273 5.0341
6274 5.0341
6275 5.0341
6276 5.0341
6277 5.0341
6278 5.0341
6279 5.0341
6280 5.0341
6281 5.0341
6282 5.0341
6283 5.0341
6284 5.0341
6285 5.0341
6286 5.0341
6287 5.0341
6288 5.0341
6289 5.0341
6290 5.0341
6291 5.0341
6292 5.0341
6293 5.0341
6294 5.0341
6295 5.0341
6296 5.0341
6297 5.0341
6298 5.0341
6299 5.0341
6300 5.0341
6301 5.0341
6302 5.0341
6303 5.0341
6304 5.0341
6305 5.0341
6306 5.0341
6307 5.0341
6308 5.0341
6309 5.0341
6310 5.0341
6311 5.0341
6312 5.0341
6313 5.0341
6314 5.0341
6315 5.0341
6316 5.0341
6317 5.0341
6318 5.0341
6319 5.0341
6320 5.0341
6321 5.0341
6322 5.0341
6323 5.0341
6324 5.0341
6325 5.0341
6326 5.0341
6327 5.0341
6328 5.0341
6329 5.0341
6330 5.0341
6331 5.0341
6332 5.0341
6333 5.0341
6334 5.0341
6335 5.0341
6336 5.0341
6337 5.0341
6338 5.0341
6339 5.0341
6340 5.0341
6341 5.0341
6342 5.0341
6343 5.0341
6344 5.0341
6345 5.0341
6346 5.0341
6347 5.0341
6348 5.0341
6349 5.0341
6350 5.0341
6351 5.0341
6352 5.0341
6353 5.0341
6354 5.0341
6355 5.0341
6356 5.0341
6357 5.0341
6358 5.0341
6359 5.0341
6360 5.0341
6361 5.0341
6362 5.0341
6363 5.0341
6364 5.0341
6365 5.0341
6366 5.0341
6367 5.0341
6368 5.0341
6369 5.0341
6370 5.0341
6371 5.0341
6372 5.0341
6373 5.0341
6374 5.0341
6375 5.0341
6376 5.0341
6377 5.0341
6378 5.0341
6379 5.0341
6380 5.0341
6381 5.0341
6382 5.0341
6383 5.0341
6384 5.0341
6385 5.0341
6386 5.0341
6387 5.0341
6388 5.0341
6389 5.0341
6390 5.0341
6391 5.0341
6392 5.0341
6393 5.0341
6394 5.0341
6395 5.0341
6396 5.0341
6397 5.0341
6398 5.0341
6399 5.0341
6400 5.0341
6401 5.0341
6402 5.0341
6403 5.0341
6404 5.0341
6405 5.0341
6406 5.0341
6407 5.0341
6408 5.0341
6409 5.0341
6410 5.0341
6411 5.0341
6412 5.0341
6413 5.0341
6414 5.0341
6415 5.0341
6416 5.0341
6417 5.0341
6418 5.0341
6419 5.0341
6420 5.0341
6421 5.0341
6422 5.0341
6423 5.0341
6424 5.0341
6425 5.0341
6426 5.0341
6427 5.0341
6428 5.0341
6429 5.0341
6430 5.0341
6431 5.0341
6432 5.0341
6433 5.0341
6434 5.0341
6435 5.0341
6436 5.0341
6437 5.0341
6438 5.0341
6439 5.0341
6440 5.0341
6441 5.0341
6442 5.0341
6443 5.0341
6444 5.0341
6445 5.0341
6446 5.0341
6447 5.0341
6448 5.0341
6449 5.0341
6450 5.0341
6451 5.0341
6452 5.0341
6453 5.0341
6454 5.0341
6455 5.0341
6456 5.0341
6457 5.0341
6458 5.0341
6459 5.0341
6460 5.0341
6461 5.0341
6462 5.0341
6463 5.0341
6464 5.0341
6465 5.0341
6466 5.0341
6467 5.0341
6468 5.0341
6469 5.0341
6470 5.0341
6471 5.0341
6472 5.0341
6473 5.0341
6474 5.0341
6475 5.0341
6476 5.0341
6477 5.0341
6478 5.0341
6479 5.0341
6480 5.0341
6481 5.0341
6482 5.0341
6483 5.0341
6484 5.0341
6485 5.0341
6486 5.0341
6487 5.0341
6488 5.0341
6489 5.0341
6490 5.0341
6491 5.0341
6492 5.0341
6493 5.0341
6494 5.0341
6495 5.0341
6496 5.0341
6497 5.0341
6498 5.0341
6499 5.0341
6500 5.0341
6501 5.0341
6502 5.0341
6503 5.0341
6504 5.0341
6505 5.0341
6506 5.0341
6507 5.0341
6508 5.0341
6509 5.0341
6510 5.0341
6511 5.0341
6512 5.0341
6513 5.0341
6514 5.0341
6515 5.0341
6516 5.0341
6517 5.0341
6518 5.0341
6519 5.0341
6520 5.0341
6521 5.0341
6522 5.0341
6523 5.0341
6524 5.0341
6525 5.0341
6526 5.0341
6527 5.0341
6528 5.0341
6529 5.0341
6530 5.0341
6531 5.0341
6532 5.0341
6533 5.0341
6534 5.0341
6535 5.0341
6536 5.0341
6537 5.0341
6538 5.0341
6539 5.0341
6540 5.0341
6541 5.0341
6542 5.0341
6543 5.0341
6544 5.0341
6545 5.0341
6546 5.0341
6547 5.0341
6548 5.0341
6549 5.0341
6550 5.0341
6551 5.0341
6552 5.0341
6553 5.0341
6554 5.0341
6555 5.0341
6556 5.0341
6557 5.0341
6558 5.0341
6559 5.0341
6560 5.0341
6561 5.0341
6562 5.0341
6563 5.0341
6564 5.0341
6565 5.0341
6566 5.0341
6567 5.0341
6568 5.0341
6569 5.0341
6570 5.0341
6571 5.0341
6572 5.0341
6573 5.0341
6574 5.0341
6575 5.0341
6576 5.0341
6577 5.0341
6578 5.0341
6579 5.0341
6580 5.0341
6581 5.0341
6582 5.0341
6583 5.0341
6584 5.0341
6585 5.0341
6586 5.0341
6587 5.0341
6588 5.0341
6589 5.0341
6590 5.0341
6591 5.0341
6592 5.0341
6593 5.0341
6594 5.0341
6595 5.0341
6596 5.0341
6597 5.0341
6598 5.0341
6599 5.0341
6600 5.0341
6601 5.0341
6602 5.0341
6603 5.0341
6604 5.0341
6605 5.0341
6606 5.0341
6607 5.0341
6608 5.0341
6609 5.0341
6610 5.0341
6611 5.0341
6612 5.0341
6613 5.0341
6614 5.0341
6615 5.0341
6616 5.0341
6617 5.0341
6618 5.0341
6619 5.0341
6620 5.0341
6621 5.0341
6622 5.0341
6623 5.0341
6624 5.0341
6625 5.0341
6626 5.0341
6627 5.0341
6628 5.0341
6629 5.0341
6630 5.0341
6631 5.0341
6632 5.0341
6633 5.0341
6634 5.0341
6635 5.0341
6636 5.0341
6637 5.0341
6638 5.0341
6639 5.0341
6640 5.0341
6641 5.0341
6642 5.0341
6643 5.0341
6644 5.0341
6645 5.0341
6646 5.0341
6647 5.0341
6648 5.0341
6649 5.0341
6650 5.0341
6651 5.0341
6652 5.0341
6653 5.0341
6654 5.0341
6655 5.0341
6656 5.0341
6657 5.0341
6658 5.0341
6659 5.0341
6660 5.0341
6661 5.0341
6662 5.0341
6663 5.0341
6664 5.0341
6665 5.0341
6666 5.0341
6667 5.0341
6668 5.0341
6669 5.0341
6670 5.0341
6671 5.0341
6672 5.0341
6673 5.0341
6674 5.0341
6675 5.0341
6676 5.0341
6677 5.0341
6678 5.0341
6679 5.0341
6680 5.0341
6681 5.0341
6682 5.0341
6683 5.0341
6684 5.0341
6685 5.0341
6686 5.0341
6687 5.0341
6688 5.0341
6689 5.0341
6690 5.0341
6691 5.0341
6692 5.0341
6693 5.0341
6694 5.0341
6695 5.0341
6696 5.0341
6697 5.0341
6698 5.0341
6699 5.0341
6700 5.0341
6701 5.0341
6702 5.0341
6703 5.0341
6704 5.0341
6705 5.0341
6706 5.0341
6707 5.0341
6708 5.0341
6709 5.0341
6710 5.0341
6711 5.0341
6712 5.0341
6713 5.0341
6714 5.0341
6715 5.0341
6716 5.0341
6717 5.0341
6718 5.0341
6719 5.0341
6720 5.0341
6721 5.0341
6722 5.0341
6723 5.0341
6724 5.0341
6725 5.0341
6726 5.0341
6727 5.0341
6728 5.0341
6729 5.0341
6730 5.0341
6731 5.0341
6732 5.0341
6733 5.0341
6734 5.0341
6735 5.0341
6736 5.0341
6737 5.0341
6738 5.0341
6739 5.0341
6740 5.0341
6741 5.0341
6742 5.0341
6743 5.0341
6744 5.0341
6745 5.0341
6746 5.0341
6747 5.0341
6748 5.0341
6749 5.0341
6750 5.0341
6751 5.0341
6752 5.0341
6753 5.0341
6754 5.0341
6755 5.0341
6756 5.0341
6757 5.0341
6758 5.0341
6759 5.0341
6760 5.0341
6761 5.0341
6762 5.0341
6763 5.0341
6764 5.0341
6765 5.0341
6766 5.0341
6767 5.0341
6768 5.0341
6769 5.0341
6770 5.0341
6771 5.0341
6772 5.0341
6773 5.0341
6774 5.0341
6775 5.0341
6776 5.0341
6777 5.0341
6778 5.0341
6779 5.0341
6780 5.0341
6781 5.0341
6782 5.0341
6783 5.0341
6784 5.0341
6785 5.0341
6786 5.0341
6787 5.0341
6788 5.0341
6789 5.0341
6790 5.0341
6791 5.0341
6792 5.0341
6793 5.0341
6794 5.0341
6795 5.0341
6796 5.0341
6797 5.0341
6798 5.0341
6799 5.0341
6800 5.0341
6801 5.0341
6802 5.0341
6803 5.0341
6804 5.0341
6805 5.0341
6806 5.0341
6807 5.0341
6808 5.0341
6809 5.0341
6810 5.0341
6811 5.0341
6812 5.0341
6813 5.0341
6814 5.0341
6815 5.0341
6816 5.0341
6817 5.0341
6818 5.0341
6819 5.0341
6820 5.0341
6821 5.0341
6822 5.0341
6823 5.0341
6824 5.0341
6825 5.0341
6826 5.0341
6827 5.0341
6828 5.0341
6829 5.0341
6830 5.0341
6831 5.0341
6832 5.0341
6833 5.0341
6834 5.0341
6835 5.0341
6836 5.0341
6837 5.0341
6838 5.0341
6839 5.0341
6840 5.0341
6841 5.0341
6842 5.0341
6843 5.0341
6844 5.0341
6845 5.0341
6846 5.0341
6847 5.0341
6848 5.0341
6849 5.0341
6850 5.0341
6851 5.0341
6852 5.0341
6853 5.0341
6854 5.0341
6855 5.0341
6856 5.0341
6857 5.0341
6858 5.0341
6859 5.0341
6860 5.0341
6861 5.0341
6862 5.0341
6863 5.0341
6864 5.0341
6865 5.0341
6866 5.0341
6867 5.0341
6868 5.0341
6869 5.0341
6870 5.0341
6871 5.0341
6872 5.0341
6873 5.0341
6874 5.0341
6875 5.0341
6876 5.0341
6877 5.0341
6878 5.0341
6879 5.0341
6880 5.0341
6881 5.0341
6882 5.0341
6883 5.0341
6884 5.0341
6885 5.0341
6886 5.0341
6887 5.0341
6888 5.0341
6889 5.0341
6890 5.0341
6891 5.0341
6892 5.0341
6893 5.0341
6894 5.0341
6895 5.0341
6896 5.0341
6897 5.0341
6898 5.0341
6899 5.0341
6900 5.0341
6901 5.0341
6902 5.0341
6903 5.0341
6904 5.0341
6905 5.0341
6906 5.0341
6907 5.0341
6908 5.0341
6909 5.0341
6910 5.0341
6911 5.0341
6912 5.0341
6913 5.0341
6914 5.0341
6915 5.0341
6916 5.0341
6917 5.0341
6918 5.0341
6919 5.0341
6920 5.0341
6921 5.0341
6922 5.0341
6923 5.0341
6924 5.0341
6925 5.0341
6926 5.0341
6927 5.0341
6928 5.0341
6929 5.0341
6930 5.0341
6931 5.0341
6932 5.0341
6933 5.0341
6934 5.0341
6935 5.0341
6936 5.0341
6937 5.0341
6938 5.0341
6939 5.0341
6940 5.0341
6941 5.0341
6942 5.0341
6943 5.0341
6944 5.0341
6945 5.0341
6946 5.0341
6947 5.0341
6948 5.0341
6949 5.0341
6950 5.0341
6951 5.0341
6952 5.0341
6953 5.0341
6954 5.0341
6955 5.0341
6956 5.0341
6957 5.0341
6958 5.0341
6959 5.0341
6960 5.0341
6961 5.0341
6962 5.0341
6963 5.0341
6964 5.0341
6965 5.0341
6966 5.0341
6967 5.0341
6968 5.0341
6969 5.0341
6970 5.0341
6971 5.0341
6972 5.0341
6973 5.0341
6974 5.0341
6975 5.0341
6976 5.0341
6977 5.0341
6978 5.0341
6979 5.0341
6980 5.0341
6981 5.0341
6982 5.0341
6983 5.0341
6984 5.0341
6985 5.0341
6986 5.0341
6987 5.0341
6988 5.0341
6989 5.0341
6990 5.0341
6991 5.0341
6992 5.0341
6993 5.0341
6994 5.0341
6995 5.0341
6996 5.0341
6997 5.0341
6998 5.0341
6999 5.0341
7000 5.0341
