-0.017427 0.999848
0.769276 0.638917
-0.309543 -0.950886
0.412002 0.911183
-0.234181 0.972193
-0.871365 -0.490635
0.994814 0.101713
-0.494043 -0.869437
-0.476452 0.8792
0.997976 0.06359
-0.768696 0.639614
-0.442664 -0.896688
-0.588104 0.808785
-0.916535 -0.399956
0.693592 -0.720368
0.793728 -0.608272
-0.040575 -0.999176
-0.259657 0.965701
0.009178 0.999958
0.768177 -0.640238
-0.921543 -0.388276
-0.324151 -0.946006
0.677049 0.735938
0.775869 0.630894
0.535003 -0.84485
-0.629006 -0.777401
0.578021 0.816022
-0.523405 -0.852084
0.750738 0.6606
0.989711 -0.143078
0.879066 -0.4767
-0.929293 0.369342
0.808649 -0.588291
-0.481251 0.876583
