0.368174 0.188088
0.792222 0.345275
0.561756 0.75424
0.719032 0.41531
0.900555 0.046918
0.614541 0.580556
0.84095 0.253668
0.348135 0.789845
0.282663 0.437006
0.889919 0.834379
0.038882 0.060582
0.234999 0.399455
0.259971 0.98008
0.27287 0.951831
0.930299 0.905571
0.935064 0.587843
0.717215 0.888482
0.162056 0.257899
0.084527 0.886779
0.271216 0.478044
0.509992 0.550543
0.458357 0.299373
0.653223 0.074733
0.673325 0.932428
0.681393 0.946408
0.393617 0.312989
0.610617 0.877686
0.542065 0.562172
0.094785 0.454532
0.24927 0.841238
0.28649 0.466201
0.048578 0.040675
0.29066 0.258682
0.495839 0.099209
