2 772.079
3 677.846
4 677.846
5 619.772
6 596.669
7 577.614
8 568.517
9 559.985
10 550.158
11 548.123
12 532.612
13 525.767
14 525.613
15 515.02
16 512.873
17 498.752
18 498.752
19 485.953
20 476.856
21 471.696
22 465.65
23 464.96
24 457.644
25 452.978
26 452.978
27 452.978
28 452.978
29 449.779
30 446.13
31 443.892
32 442.276
33 436.761
34 436.761
35 432.122
36 431.679
37 431.679
38 431.679
39 431.679
40 431.679
41 431.679
42 431.603
43 431.603
44 422.021
45 422.021
46 422.021
47 422.021
48 422.021
49 418.361
50 418.361
51 414.777
52 414.777
53 414.777
54 414.777
55 414.777
56 409.925
57 409.925
58 409.925
59 407.064
60 400.095
61 400.095
62 400.095
63 400.095
64 400.095
65 400.095
66 400.095
67 400.095
68 400.095
69 400.095
70 400.095
71 400.095
72 400.095
73 400.095
74 400.095
75 400.095
76 400.095
77 400.095
78 400.095
79 400.095
80 400.095
81 398.799
82 394.549
83 392.855
84 392.855
85 392.848
86 390.845
87 390.845
88 390.845
89 390.845
90 390.845
91 390.845
92 388.937
93 388.86
94 388.86
95 388.86
96 388.258
97 388.258
98 388.258
99 388.258
100 387.999
101 386.091
102 384.862
103 384.862
104 384.862
105 384.125
106 384.125
107 383.809
108 383.809
109 383.651
110 382.135
111 382.135
112 382.135
113 382.135
114 382.135
115 382.135
116 382.135
117 382.135
118 382.135
119 382.135
120 381.826
121 381.826
122 380.02
123 378.056
124 378.056
125 378.056
126 377.955
127 377.955
128 377.955
129 377.955
130 377.955
131 377.955
132 377.955
133 377.955
134 377.955
135 377.955
136 377.955
137 377.955
138 377.955
139 377.955
140 377.955
141 377.955
142 377.955
143 377.955
144 377.955
145 377.955
146 377.955
147 377.955
148 377.955
149 377.955
150 377.579
151 377.579
152 377.579
153 377.579
154 377.579
155 376.35
156 376.35
157 376.35
158 376.35
159 376.35
160 376.35
161 376.35
162 376.35
163 376.35
164 375.557
165 375.557
166 375.557
167 375.557
168 375.557
169 375.557
170 375.557
171 375.557
172 375.557
173 375.557
174 375.557
175 374.848
176 374.848
177 374.848
178 374.848
179 374.848
180 374.848
181 374.848
182 374.848
183 374.848
184 374.848
185 374.848
186 374.848
187 374.848
188 374.848
189 374.848
190 374.848
191 374.848
192 374.848
193 374.848
194 371.846
195 371.846
196 371.846
197 371.846
198 371.846
199 371.846
200 371.846
201 371.846
202 371.846
203 371.846
204 371.846
205 371.846
206 371.846
207 371.846
208 371.846
209 371.846
210 371.846
211 371.846
212 371.846
213 371.846
214 371.846
215 371.846
216 371.846
217 371.846
218 371.846
219 371.846
220 371.846
221 371.846
222 371.846
223 371.846
224 371.846
225 371.846
226 370.303
227 370.303
228 366.863
229 366.863
230 366.863
231 365.383
232 365.383
233 365.383
234 365.383
235 365.383
236 365.383
237 365.383
238 365.383
239 365.383
240 365.383
241 365.383
242 365.383
243 365.383
244 365.383
245 365.383
246 365.383
247 365.383
248 365.383
249 365.383
250 365.383
251 365.383
252 365.383
253 365.383
254 365.383
255 365.383
256 365.383
257 365.383
258 365.383
259 365.383
260 365.383
261 365.383
262 365.383
263 365.383
264 365.383
265 365.383
266 365.383
267 365.383
268 365.383
269 364.816
270 364.816
271 363.749
272 363.749
273 363.749
274 363.749
275 363.749
276 363.749
277 363.749
278 363.749
279 363.749
280 363.749
281 363.749
282 363.749
283 363.749
284 363.749
285 363.749
286 363.71
287 363.71
288 363.71
289 363.71
290 363.706
291 363.706
292 363.141
293 363.141
294 363.141
295 363.141
296 363.141
297 363.141
298 363.141
299 363.141
300 363.141
301 363.141
302 363.141
303 362.809
304 362.809
305 362.809
306 361.907
307 361.106
308 361.106
309 361.106
310 361.106
311 361.106
312 361.106
313 361.106
314 361.106
315 361.106
316 361.106
317 361.106
318 361.106
319 361.106
320 361.106
321 361.106
322 361.106
323 361.106
324 361.106
325 361.106
326 361.106
327 361.106
328 361.106
329 361.106
330 361.106
331 360.663
332 360.663
333 360.663
334 360.663
335 360.663
336 360.663
337 360.577
338 360.577
339 360.577
340 360.577
341 357.083
342 357.083
343 357.083
344 357.083
345 357.083
346 357.083
347 357.083
348 357.083
349 357.083
350 357.083
351 357.083
352 355.846
353 355.846
354 355.846
355 355.846
356 355.846
357 355.846
358 355.846
359 355.846
360 355.846
361 355.846
362 355.846
363 355.846
364 355.846
365 355.846
366 355.846
367 355.846
368 355.846
369 355.846
370 354.898
371 354.898
372 354.898
373 354.898
374 354.898
375 354.898
376 354.898
377 354.898
378 354.898
379 354.898
380 354.898
381 354.898
382 354.898
383 354.898
384 354.898
385 354.898
386 354.898
387 354.898
388 354.569
389 354.569
390 354.569
391 354.569
392 354.569
393 354.569
394 354.569
395 354.569
396 354.569
397 354.569
398 354.569
399 354.569
400 354.569
401 354.569
402 354.569
403 354.569
404 354.569
405 354.569
406 354.569
407 354.569
408 354.569
409 354.569
410 354.569
411 354.569
412 354.569
413 354.569
414 354.569
415 354.569
416 354.569
417 354.569
418 354.569
419 354.569
420 354.569
421 354.569
422 354.569
423 354.569
424 354.569
425 354.569
426 354.569
427 354.569
428 354.569
429 354.569
430 354.569
431 354.569
432 354.569
433 354.569
434 353.584
435 353.584
436 353.584
437 353.584
438 353.584
439 353.584
440 353.584
441 353.584
442 353.584
443 353.584
444 353.584
445 353.584
446 353.584
447 353.584
448 353.584
449 353.584
450 349.082
451 349.082
452 349.082
453 349.082
454 349.082
455 349.082
456 349.082
457 348.899
458 348.899
459 348.899
460 348.899
461 348.899
462 348.899
463 348.899
464 348.899
465 348.899
466 348.899
467 348.899
468 348.899
469 348.899
470 348.899
471 348.899
472 348.899
473 348.899
474 348.899
475 348.899
476 348.899
477 348.899
478 348.899
479 348.899
480 348.899
481 348.899
482 348.899
483 348.899
484 348.899
485 348.899
486 348.899
487 348.899
488 348.899
489 348.899
490 348.899
491 348.899
492 348.899
493 348.899
494 348.899
495 348.899
496 348.899
497 348.899
498 348.899
499 348.899
500 348.899
501 348.899
502 348.899
503 348.899
504 348.899
505 348.899
506 348.899
507 348.899
508 348.899
509 348.899
510 348.899
511 348.899
512 348.899
513 348.899
514 348.899
515 348.899
516 348.899
517 348.899
518 348.899
519 348.899
520 348.899
521 348.899
522 348.899
523 348.899
524 348.899
525 348.899
526 348.899
527 348.899
528 348.899
529 348.899
530 348.899
531 348.899
532 348.899
533 348.899
534 348.899
535 348.899
536 348.899
537 348.899
538 348.899
539 348.899
540 348.899
541 348.899
542 348.899
543 348.899
544 348.899
545 348.899
546 348.899
547 348.899
548 348.899
549 348.899
550 348.899
551 348.899
552 348.899
553 348.899
554 348.899
555 348.899
556 348.899
557 348.899
558 348.899
559 348.899
560 348.899
561 348.899
562 348.899
563 348.899
564 348.899
565 348.899
566 348.899
567 348.899
568 348.899
569 348.899
570 348.899
571 348.899
572 348.899
573 348.899
574 348.899
575 348.899
576 348.899
577 348.899
578 348.899
579 348.899
580 348.899
581 348.899
582 348.899
583 348.899
584 348.899
585 348.899
586 348.899
587 348.899
588 348.899
589 348.899
590 348.899
591 348.899
592 348.899
593 348.899
594 348.899
595 348.899
596 348.899
597 347.578
598 347.578
599 347.578
600 347.578
601 347.578
602 346.835
603 341.431
604 341.431
605 341.431
606 341.431
607 341.431
608 341.431
609 341.431
610 341.431
611 341.431
612 341.431
613 341.431
614 341.431
615 341.431
616 341.431
617 341.431
618 341.431
619 341.431
620 341.431
621 341.431
622 341.431
623 341.431
624 341.431
625 341.431
626 341.431
627 341.431
628 341.431
629 339.816
630 339.816
631 339.352
632 336.765
633 336.765
634 336.765
635 336.765
636 336.765
637 336.765
638 336.765
639 336.765
640 336.765
641 336.765
642 336.765
643 336.765
644 336.765
645 336.765
646 336.765
647 336.765
648 336.765
649 336.765
650 336.765
651 336.765
652 336.765
653 334.17
654 334.17
655 334.17
656 334.17
657 334.17
658 334.17
659 334.17
660 334.17
661 334.17
662 334.17
663 334.17
664 334.17
665 334.17
666 334.17
667 334.17
668 334.17
669 334.17
670 334.17
671 334.17
672 333.171
673 333.171
674 333.171
675 333.171
676 333.171
677 333.171
678 333.171
679 327.315
680 327.315
681 327.315
682 327.315
683 327.315
684 327.315
685 327.315
686 327.315
687 327.315
688 327.315
689 327.315
690 327.315
691 327.315
692 327.315
693 327.315
694 327.315
695 327.315
696 327.315
697 327.315
698 327.315
699 327.315
700 327.315
701 327.315
702 327.315
703 327.315
704 327.315
705 327.315
706 327.315
707 327.315
708 327.315
709 327.315
710 327.315
711 327.315
712 327.315
713 327.315
714 327.315
715 327.315
716 327.315
717 327.315
718 327.315
719 327.315
720 327.315
721 327.315
722 327.315
723 327.315
724 327.315
725 327.315
726 327.315
727 327.315
728 327.315
729 327.315
730 327.315
731 327.315
732 327.315
733 327.315
734 327.315
735 327.315
736 327.315
737 327.315
738 327.315
739 327.315
740 327.315
741 327.315
742 327.315
743 327.315
744 327.315
745 327.315
746 327.315
747 327.315
748 327.315
749 327.315
750 327.315
751 327.315
752 327.315
753 327.315
754 327.315
755 327.315
756 327.315
757 327.315
758 327.315
759 327.315
760 327.315
761 327.315
762 327.315
763 327.315
764 327.315
765 327.315
766 327.315
767 327.315
768 327.315
769 327.315
770 327.315
771 327.315
772 327.315
773 327.315
774 327.315
775 327.315
776 327.315
777 327.315
778 327.315
779 327.315
780 327.315
781 327.315
782 327.315
783 327.315
784 327.315
785 327.315
786 327.315
787 327.315
788 327.315
789 327.315
790 327.315
791 327.315
792 327.315
793 327.315
794 327.315
795 327.315
796 327.315
797 327.315
798 327.315
799 327.315
800 327.315
801 327.315
802 327.315
803 327.315
804 327.315
805 327.315
806 327.315
807 327.315
808 327.315
809 327.315
810 327.315
811 327.315
812 327.315
813 327.315
814 327.315
815 327.315
816 327.315
817 327.315
818 327.315
819 327.315
820 327.315
821 327.315
822 327.315
823 327.315
824 327.315
825 327.315
826 327.315
827 327.315
828 327.315
829 327.315
830 327.315
831 324.061
832 324.061
833 324.061
834 324.061
835 324.061
836 324.061
837 324.061
838 324.061
839 324.061
840 324.061
841 324.061
842 324.061
843 324.061
844 324.061
845 324.061
846 324.061
847 324.061
848 324.061
849 324.061
850 324.061
851 324.061
852 324.061
853 324.061
854 323.493
855 321.495
856 321.495
857 321.495
858 321.495
859 321.495
860 321.495
861 321.495
862 321.495
863 321.495
864 321.495
865 321.495
866 321.495
867 321.495
868 321.495
869 321.495
870 321.495
871 321.495
872 321.495
873 321.495
874 321.495
875 321.495
876 321.495
877 321.495
878 321.495
879 321.495
880 321.495
881 321.495
882 321.495
883 321.495
884 321.495
885 321.495
886 321.495
887 321.495
888 321.495
889 321.495
890 321.495
891 321.495
892 321.495
893 321.495
894 321.495
895 321.495
896 321.495
897 321.495
898 321.495
899 321.495
900 321.495
901 321.495
902 321.495
903 321.495
904 321.495
905 321.495
906 321.495
907 321.495
908 321.495
909 321.495
910 321.495
911 321.495
912 321.495
913 313.501
914 313.501
915 313.501
916 313.501
917 313.501
918 313.501
919 313.501
920 313.501
921 313.501
922 313.501
923 313.501
924 313.501
925 313.501
926 313.501
927 313.501
928 313.501
929 313.501
930 313.501
931 313.501
932 313.501
933 313.501
934 313.501
935 313.501
936 313.501
937 313.501
938 313.501
939 313.501
940 313.501
941 313.501
942 313.501
943 313.501
944 313.501
945 313.501
946 313.501
947 313.501
948 313.501
949 313.501
950 313.501
951 313.501
952 313.501
953 312.381
954 312.381
955 312.381
956 312.381
957 312.381
958 312.381
959 312.381
960 312.381
961 312.381
962 312.381
963 312.381
964 311.201
965 311.201
966 311.201
967 311.201
968 311.201
969 311.201
970 311.201
971 311.201
972 311.201
973 311.201
974 311.201
975 311.201
976 311.201
977 311.201
978 311.201
979 311.201
980 311.201
981 311.201
982 311.201
983 311.201
984 311.201
985 311.201
986 311.201
987 311.201
988 311.201
989 311.201
990 311.201
991 311.201
992 311.201
993 311.201
994 311.201
995 311.201
996 311.201
997 310.837
998 310.837
999 310.837
1000 310.837
1001 310.837
1002 310.837
1003 310.837
1004 310.837
1005 310.837
1006 310.837
1007 310.837
1008 310.837
1009 307.892
1010 307.892
1011 307.892
1012 307.892
1013 307.892
1014 307.892
1015 307.892
1016 307.892
1017 307.892
1018 307.892
1019 307.892
1020 307.892
1021 307.892
1022 307.892
1023 307.892
1024 307.892
1025 307.892
1026 307.892
1027 307.892
1028 307.892
1029 307.892
1030 307.892
1031 307.892
1032 307.892
1033 307.892
1034 307.892
1035 307.892
1036 307.892
1037 307.892
1038 307.892
1039 307.892
1040 307.892
1041 307.892
1042 307.892
1043 307.892
1044 307.892
1045 307.892
1046 307.892
1047 307.892
1048 307.892
1049 307.892
1050 307.892
1051 307.892
1052 307.892
1053 307.892
1054 307.892
1055 307.892
1056 307.892
1057 307.892
1058 307.892
1059 307.892
1060 307.892
1061 307.892
1062 307.892
1063 307.892
1064 307.892
1065 307.892
1066 307.892
1067 307.892
1068 307.892
1069 307.892
1070 307.892
1071 307.892
1072 307.892
1073 307.892
1074 307.892
1075 307.892
1076 307.892
1077 307.892
1078 307.892
1079 307.892
1080 307.892
1081 307.892
1082 307.892
1083 307.892
1084 307.892
1085 307.892
1086 307.892
1087 307.892
1088 307.892
1089 307.892
1090 307.892
1091 307.892
1092 307.892
1093 307.892
1094 307.892
1095 307.892
1096 307.892
1097 307.892
1098 307.892
1099 307.892
1100 307.892
1101 307.892
1102 307.892
1103 307.892
1104 307.892
1105 307.892
1106 307.892
1107 307.892
1108 307.892
1109 307.892
1110 307.892
1111 307.892
1112 307.892
1113 307.892
1114 307.892
1115 307.892
1116 307.892
1117 307.892
1118 307.892
1119 307.892
1120 307.892
1121 307.892
1122 307.892
1123 307.892
1124 307.892
1125 307.892
1126 307.892
1127 307.892
1128 307.892
1129 307.892
1130 307.892
1131 307.892
1132 307.892
1133 307.892
1134 307.892
1135 307.892
1136 307.892
1137 307.892
1138 307.892
1139 307.892
1140 307.892
1141 307.892
1142 307.892
1143 307.892
1144 307.892
1145 307.892
1146 307.892
1147 307.892
1148 307.892
1149 307.892
1150 307.892
1151 307.892
1152 307.892
1153 307.892
1154 307.892
1155 307.892
1156 307.892
1157 307.892
1158 307.892
1159 307.545
1160 307.545
1161 307.545
1162 307.545
1163 307.545
1164 307.545
1165 307.545
1166 307.545
1167 307.545
1168 307.545
1169 307.545
1170 307.545
1171 307.545
1172 307.545
1173 307.545
1174 307.545
1175 307.545
1176 307.545
1177 307.545
1178 307.545
1179 307.545
1180 307.545
1181 307.545
1182 307.545
1183 307.545
1184 307.545
1185 307.545
1186 307.545
1187 307.545
1188 307.545
1189 307.545
1190 307.545
1191 307.545
1192 307.545
1193 307.545
1194 307.545
1195 307.545
1196 307.545
1197 307.545
1198 306.705
1199 306.705
1200 306.705
1201 306.705
1202 306.705
1203 306.705
1204 306.705
1205 306.705
1206 306.705
1207 306.705
1208 306.705
1209 306.705
1210 306.705
1211 306.705
1212 306.705
1213 306.705
1214 306.705
1215 306.705
1216 306.705
1217 306.705
1218 306.705
1219 306.705
1220 306.705
1221 306.705
1222 306.705
1223 306.705
1224 306.705
1225 306.705
1226 306.705
1227 306.705
1228 306.705
1229 306.705
1230 306.705
1231 306.705
1232 306.705
1233 306.705
1234 306.705
1235 306.705
1236 306.705
1237 306.705
1238 306.705
1239 306.705
1240 306.705
1241 306.705
1242 306.705
1243 306.705
1244 306.705
1245 306.705
1246 306.705
1247 306.705
1248 306.705
1249 306.705
1250 306.705
1251 306.705
1252 306.705
1253 306.705
1254 306.705
1255 306.705
1256 306.705
1257 306.705
1258 306.705
1259 306.705
1260 306.705
1261 306.705
1262 306.705
1263 306.705
1264 306.705
1265 306.705
1266 306.705
1267 306.705
1268 306.705
1269 306.705
1270 306.705
1271 306.705
1272 306.705
1273 306.705
1274 306.705
1275 306.705
1276 306.705
1277 306.705
1278 306.705
1279 306.705
1280 306.705
1281 306.705
1282 306.705
1283 306.705
1284 306.705
1285 306.705
1286 306.705
1287 306.705
1288 306.705
1289 306.705
1290 306.705
1291 306.705
1292 306.705
1293 306.705
1294 306.705
1295 306.705
1296 306.705
1297 306.705
1298 306.705
1299 306.705
1300 306.705
1301 306.705
1302 306.705
1303 306.705
1304 306.705
1305 306.705
1306 306.705
1307 306.705
1308 306.705
1309 306.705
1310 306.705
1311 306.705
1312 306.705
1313 306.705
1314 306.705
1315 306.705
1316 306.705
1317 306.705
1318 306.705
1319 306.705
1320 306.705
1321 306.705
1322 306.705
1323 306.705
1324 306.705
1325 306.705
1326 306.705
1327 306.705
1328 306.705
1329 306.705
1330 306.705
1331 306.705
1332 306.705
1333 306.705
1334 306.705
1335 306.705
1336 306.705
1337 306.705
1338 306.705
1339 306.705
1340 306.705
1341 306.705
1342 306.705
1343 306.705
1344 306.705
1345 306.705
1346 306.705
1347 306.705
1348 306.705
1349 306.705
1350 306.705
1351 306.705
1352 306.705
1353 306.705
1354 306.705
1355 306.705
1356 306.705
1357 306.705
1358 306.705
1359 306.705
1360 306.705
1361 306.705
1362 306.705
1363 306.705
1364 306.705
1365 306.705
1366 306.705
1367 306.705
1368 306.705
1369 306.705
1370 306.705
1371 306.705
1372 306.705
1373 306.705
1374 306.705
1375 306.705
1376 306.705
1377 306.705
1378 306.705
1379 306.705
1380 306.705
1381 306.705
1382 306.705
1383 306.705
1384 306.705
1385 306.705
1386 306.705
1387 306.705
1388 306.705
1389 306.705
1390 306.705
1391 306.705
1392 306.705
1393 306.705
1394 306.705
1395 306.705
1396 306.705
1397 306.705
1398 306.705
1399 306.705
1400 306.705
1401 306.705
1402 306.705
1403 306.705
1404 306.705
1405 306.705
1406 306.705
1407 306.705
1408 306.705
1409 306.705
1410 306.705
1411 306.705
1412 306.705
1413 306.705
1414 306.705
1415 306.705
1416 306.705
1417 306.705
1418 306.705
1419 306.705
1420 306.705
1421 306.705
1422 306.705
1423 306.705
1424 306.705
1425 306.705
1426 306.705
1427 306.705
1428 306.705
1429 306.705
1430 306.705
1431 306.705
1432 306.705
1433 306.705
1434 306.705
1435 306.705
1436 306.705
1437 306.705
1438 306.705
1439 306.705
1440 306.705
1441 306.705
1442 306.705
1443 306.705
1444 306.705
1445 306.705
1446 306.705
1447 306.705
1448 306.705
1449 306.705
1450 306.705
1451 306.705
1452 306.705
1453 306.705
1454 306.705
1455 306.705
1456 306.705
1457 306.705
1458 306.705
1459 306.705
1460 306.705
1461 306.705
1462 306.705
1463 306.705
1464 306.705
1465 306.705
1466 306.705
1467 306.705
1468 306.705
1469 306.705
1470 306.705
1471 306.705
1472 306.705
1473 306.705
1474 306.705
1475 306.705
1476 306.705
1477 306.705
1478 306.705
1479 306.705
1480 306.705
1481 306.705
1482 306.705
1483 306.705
1484 306.705
1485 306.705
1486 306.705
1487 306.705
1488 306.705
1489 306.705
1490 306.705
1491 306.705
1492 306.705
1493 306.705
1494 306.705
1495 306.705
1496 306.705
1497 306.705
1498 306.705
1499 306.705
1500 306.705
1501 306.705
1502 306.705
1503 306.705
1504 306.705
1505 306.705
1506 306.705
1507 306.705
1508 306.705
1509 306.705
1510 306.705
1511 306.705
1512 306.705
1513 306.705
1514 306.705
1515 306.705
1516 306.705
1517 306.705
1518 306.705
1519 306.705
1520 306.705
1521 306.705
1522 306.705
1523 306.705
1524 306.705
1525 306.705
1526 306.705
1527 306.705
1528 306.705
1529 306.705
1530 306.705
1531 306.705
1532 306.705
1533 306.705
1534 306.705
1535 306.705
1536 306.705
1537 306.705
1538 306.705
1539 306.705
1540 306.705
1541 306.705
1542 306.705
1543 306.705
1544 306.705
1545 306.705
1546 306.705
1547 306.705
1548 306.705
1549 306.705
1550 306.705
1551 306.705
1552 306.705
1553 306.705
1554 306.705
1555 306.705
1556 306.705
1557 306.705
1558 306.705
1559 306.705
1560 306.705
1561 306.705
1562 306.705
1563 306.705
1564 306.705
1565 306.705
1566 306.705
1567 306.705
1568 306.705
1569 306.705
1570 306.705
1571 306.705
1572 306.705
1573 306.705
1574 306.705
1575 306.705
1576 306.705
1577 306.705
1578 306.705
1579 306.705
1580 306.705
1581 306.705
1582 306.705
1583 306.705
1584 306.705
1585 306.705
1586 306.705
1587 306.705
1588 306.705
1589 306.705
1590 306.705
1591 306.705
1592 306.705
1593 306.705
1594 306.705
1595 306.705
1596 306.705
1597 306.705
1598 306.705
1599 306.705
1600 306.705
1601 306.705
1602 306.705
1603 306.705
1604 306.705
1605 306.705
1606 306.705
1607 306.705
1608 306.705
1609 306.705
1610 306.705
1611 306.705
1612 306.705
1613 306.705
1614 306.705
1615 306.705
1616 306.705
1617 306.705
1618 306.705
1619 306.705
1620 306.705
1621 306.705
1622 306.705
1623 306.705
1624 306.705
1625 306.705
1626 306.705
1627 306.705
1628 306.705
1629 306.705
1630 306.705
1631 306.705
1632 306.705
1633 306.705
1634 306.705
1635 306.705
1636 306.705
1637 306.705
1638 306.705
1639 306.705
1640 306.705
1641 306.705
1642 306.705
1643 306.705
1644 306.705
1645 306.705
1646 306.705
1647 306.705
1648 306.705
1649 306.705
1650 306.705
1651 306.705
1652 306.705
1653 306.705
1654 306.705
1655 306.705
1656 306.705
1657 306.705
1658 306.705
1659 306.705
1660 306.705
1661 306.705
1662 306.705
1663 306.705
1664 306.705
1665 306.705
1666 306.705
1667 306.705
1668 306.705
1669 306.705
1670 306.705
1671 306.705
1672 306.705
1673 306.705
1674 306.705
1675 306.705
1676 306.705
1677 306.705
1678 306.705
1679 306.705
1680 306.705
1681 306.705
1682 306.705
1683 306.705
1684 306.705
1685 306.705
1686 306.705
1687 306.705
1688 306.705
1689 306.705
1690 306.705
1691 306.705
1692 306.705
1693 306.705
1694 306.705
1695 306.705
1696 306.705
1697 306.705
1698 306.705
1699 306.705
1700 306.705
1701 306.705
1702 306.705
1703 306.705
1704 306.705
1705 306.705
1706 306.705
1707 306.705
1708 306.705
1709 306.705
1710 306.705
1711 306.705
1712 306.705
1713 306.705
1714 306.705
1715 306.705
1716 306.705
1717 306.705
1718 306.705
1719 306.705
1720 306.705
1721 306.705
1722 306.705
1723 306.705
1724 306.705
1725 306.705
1726 306.705
1727 306.705
1728 306.705
1729 306.705
1730 306.705
1731 306.705
1732 306.705
1733 306.705
1734 306.705
1735 306.705
1736 306.705
1737 306.705
1738 306.705
1739 306.705
1740 306.705
1741 306.705
1742 306.705
1743 306.705
1744 306.705
1745 306.705
1746 306.705
1747 306.705
1748 306.705
1749 306.705
1750 306.705
1751 306.705
1752 306.705
1753 306.705
1754 306.705
1755 306.705
1756 306.705
1757 306.705
1758 306.705
1759 306.705
1760 306.705
1761 306.705
1762 306.705
1763 306.705
1764 306.705
1765 306.705
1766 306.705
1767 306.705
1768 306.705
1769 306.705
1770 306.705
1771 306.705
1772 306.705
1773 306.705
1774 306.705
1775 306.705
1776 306.705
1777 306.705
1778 306.705
1779 306.705
1780 306.705
1781 306.705
1782 306.705
1783 306.705
1784 306.705
1785 306.705
1786 306.705
1787 306.705
1788 306.705
1789 306.705
1790 306.705
1791 306.705
1792 306.705
1793 306.705
1794 306.705
1795 306.705
1796 306.705
1797 306.705
1798 306.705
1799 306.705
1800 306.705
1801 306.705
1802 306.705
1803 306.705
1804 306.705
1805 306.705
1806 306.705
1807 306.705
1808 306.705
1809 306.705
1810 306.705
1811 306.705
1812 306.705
1813 306.705
1814 306.705
1815 306.705
1816 306.705
1817 306.705
1818 306.705
1819 306.705
1820 306.705
1821 306.705
1822 306.705
1823 306.705
1824 306.705
1825 306.705
1826 306.705
1827 306.705
1828 306.705
1829 306.705
1830 306.705
1831 306.705
1832 306.705
1833 306.705
1834 306.705
1835 306.705
1836 306.705
1837 306.705
1838 306.705
1839 306.705
1840 306.705
1841 306.705
1842 306.705
1843 306.705
1844 306.705
1845 306.705
1846 306.705
1847 306.705
1848 306.705
1849 306.705
1850 306.705
1851 306.705
1852 306.705
1853 306.705
1854 306.705
1855 306.705
1856 306.705
1857 306.705
1858 306.705
1859 306.705
1860 306.705
1861 306.705
1862 306.705
1863 306.705
1864 306.705
1865 306.705
1866 306.705
1867 306.705
1868 306.705
1869 306.705
1870 306.705
1871 306.705
1872 306.705
1873 306.705
1874 306.705
1875 306.705
1876 306.705
1877 306.705
1878 306.705
1879 306.705
1880 306.705
1881 306.705
1882 306.705
1883 306.705
1884 306.705
1885 306.705
1886 306.705
1887 306.705
1888 306.705
1889 306.705
1890 306.705
1891 306.705
1892 306.705
1893 306.705
1894 306.705
1895 306.705
1896 306.705
1897 306.705
1898 306.705
1899 306.705
1900 306.705
1901 306.705
1902 306.705
1903 306.705
1904 306.705
1905 306.705
1906 306.705
1907 306.705
1908 306.705
1909 306.705
1910 306.705
1911 306.705
1912 306.705
1913 306.705
1914 306.705
1915 306.705
1916 306.705
1917 306.705
1918 306.705
1919 306.705
1920 306.705
1921 306.705
1922 306.705
1923 306.705
1924 306.705
1925 306.705
1926 306.705
1927 306.705
1928 306.705
1929 306.705
1930 306.705
1931 306.705
1932 306.705
1933 306.705
1934 306.705
1935 306.705
1936 306.705
1937 306.705
1938 306.705
1939 306.705
1940 306.705
1941 306.705
1942 306.705
1943 306.705
1944 306.705
1945 306.705
1946 306.705
1947 306.705
1948 306.705
1949 306.705
1950 306.705
1951 306.705
1952 306.705
1953 306.705
1954 306.705
1955 306.705
1956 306.705
1957 306.705
1958 306.705
1959 306.705
1960 306.705
1961 306.705
1962 306.705
1963 306.705
1964 306.705
1965 306.705
1966 306.705
1967 306.705
1968 306.705
1969 306.705
1970 306.705
1971 306.705
1972 306.705
1973 306.705
1974 306.705
1975 306.705
1976 306.705
1977 306.705
1978 306.705
1979 306.705
1980 306.705
1981 306.705
1982 306.705
1983 306.705
1984 306.705
1985 306.705
1986 306.705
1987 306.705
1988 306.705
1989 306.705
1990 306.705
1991 306.705
1992 306.705
1993 306.705
1994 306.705
1995 306.705
1996 306.705
1997 306.705
1998 306.705
1999 306.705
2000 306.705
2001 306.705
2002 306.705
2003 306.705
2004 306.705
2005 306.705
2006 306.705
2007 306.705
2008 306.705
2009 306.705
2010 306.705
2011 306.705
2012 306.705
2013 306.705
2014 306.705
2015 306.705
2016 306.705
2017 306.705
2018 306.705
2019 306.705
2020 306.705
2021 306.705
2022 306.705
2023 306.705
2024 306.705
2025 306.705
2026 306.705
2027 306.705
2028 306.705
2029 306.705
2030 306.705
2031 306.705
2032 306.705
2033 306.705
2034 306.705
2035 306.705
2036 306.705
2037 306.705
2038 306.705
2039 306.705
2040 306.705
2041 306.705
2042 306.705
2043 306.705
2044 306.705
2045 306.705
2046 306.705
2047 306.705
2048 306.705
2049 306.705
2050 306.705
2051 306.705
2052 306.705
2053 306.705
2054 306.705
2055 306.705
2056 306.705
2057 306.705
2058 306.705
2059 306.705
2060 306.705
2061 306.705
2062 306.705
2063 306.705
2064 306.705
2065 306.705
2066 306.705
2067 306.705
2068 306.705
2069 306.705
2070 306.705
2071 306.705
2072 306.705
2073 306.705
2074 306.705
2075 306.705
2076 306.705
2077 306.705
2078 306.705
2079 306.705
2080 306.705
2081 306.705
2082 306.705
2083 306.705
2084 306.705
2085 306.705
2086 306.705
2087 306.705
2088 306.705
2089 306.705
2090 306.705
2091 306.705
2092 306.705
2093 306.705
2094 306.705
2095 306.705
2096 306.705
2097 306.705
2098 306.705
2099 306.705
2100 306.705
2101 306.705
2102 306.705
2103 306.705
2104 306.705
2105 306.705
2106 306.705
2107 306.705
2108 306.705
2109 306.705
2110 306.705
2111 306.705
2112 306.705
2113 306.705
2114 306.705
2115 306.705
2116 306.705
2117 306.705
2118 306.705
2119 306.705
2120 306.705
2121 306.705
2122 306.705
2123 306.705
2124 306.705
2125 306.705
2126 306.705
2127 306.705
2128 306.705
2129 306.705
2130 306.705
2131 306.705
2132 306.705
2133 306.705
2134 306.705
2135 306.705
2136 306.705
2137 306.705
2138 306.705
2139 306.705
2140 306.705
2141 306.705
2142 306.705
2143 306.705
2144 306.705
2145 306.705
2146 306.705
2147 306.705
2148 306.705
2149 306.705
2150 306.705
2151 306.705
2152 306.705
2153 306.705
2154 306.705
2155 306.705
2156 306.705
2157 306.705
2158 306.705
2159 306.705
2160 306.705
2161 306.705
2162 306.705
2163 306.705
2164 306.705
2165 306.705
2166 306.705
2167 306.705
2168 306.705
2169 306.705
2170 306.705
2171 306.705
2172 306.705
2173 306.705
2174 306.705
2175 306.705
2176 306.705
2177 306.705
2178 306.705
2179 306.705
2180 306.705
2181 306.705
2182 306.705
2183 306.705
2184 306.705
2185 306.705
2186 306.705
2187 306.705
2188 306.705
2189 306.705
2190 306.705
2191 306.705
2192 306.705
2193 306.705
2194 306.705
2195 306.705
2196 306.705
2197 306.705
2198 306.705
2199 306.705
2200 306.705
2201 306.705
2202 306.705
2203 306.705
2204 306.705
2205 306.705
2206 306.705
2207 306.705
2208 306.705
2209 306.705
2210 306.705
2211 306.705
2212 306.705
2213 306.705
2214 306.705
2215 306.705
2216 306.705
2217 306.705
2218 306.705
2219 306.705
2220 306.705
2221 306.705
2222 306.705
2223 306.705
2224 306.705
2225 306.705
2226 306.705
2227 306.705
2228 306.705
2229 306.705
2230 306.705
2231 306.705
2232 306.705
2233 306.705
2234 306.705
2235 306.705
2236 306.705
2237 306.705
2238 306.705
2239 306.705
2240 306.705
2241 306.705
2242 306.705
2243 306.705
2244 306.705
2245 306.705
2246 306.705
2247 306.705
2248 306.705
2249 306.705
2250 306.705
2251 306.705
2252 306.705
2253 306.705
2254 306.705
2255 306.705
2256 306.705
2257 306.705
2258 306.705
2259 306.705
2260 306.705
2261 306.705
2262 306.705
2263 306.705
2264 306.705
2265 306.705
2266 306.705
2267 306.705
2268 306.705
2269 306.705
2270 306.705
2271 306.705
2272 306.705
2273 306.705
2274 306.705
2275 306.705
2276 306.705
2277 306.705
2278 306.705
2279 306.705
2280 306.705
2281 306.705
2282 306.705
2283 306.705
2284 306.705
2285 306.705
2286 306.705
2287 306.705
2288 306.705
2289 306.705
2290 306.705
2291 306.705
2292 306.705
2293 306.705
2294 306.705
2295 306.705
2296 306.705
2297 306.705
2298 306.705
2299 306.705
2300 306.705
2301 306.705
2302 306.705
2303 306.705
2304 306.705
2305 306.705
2306 306.705
2307 306.705
2308 306.705
2309 306.705
2310 306.705
2311 306.705
2312 306.705
2313 306.705
2314 306.705
2315 306.705
2316 306.705
2317 306.705
2318 306.705
2319 306.705
2320 306.705
2321 306.705
2322 306.705
2323 306.705
2324 306.705
2325 306.705
2326 306.705
2327 306.705
2328 306.705
2329 306.705
2330 306.705
2331 306.705
2332 306.705
2333 306.705
2334 306.705
2335 306.705
2336 306.705
2337 306.705
2338 306.705
2339 306.705
2340 306.705
2341 306.705
2342 306.705
2343 306.705
2344 306.705
2345 306.705
2346 306.705
2347 306.705
2348 306.705
2349 306.705
2350 306.705
2351 306.705
2352 306.705
2353 306.705
2354 306.705
2355 306.705
2356 306.705
2357 306.705
2358 306.705
2359 306.705
2360 306.705
2361 306.705
2362 306.705
2363 306.705
2364 306.705
2365 306.705
2366 306.705
2367 306.705
2368 306.705
2369 306.705
2370 306.705
2371 306.705
2372 306.705
2373 306.705
2374 306.705
2375 306.705
2376 306.705
2377 306.705
2378 306.705
2379 306.705
2380 306.705
2381 306.705
2382 306.705
2383 306.705
2384 306.705
2385 306.705
2386 306.705
2387 306.705
2388 306.705
2389 306.705
2390 306.705
2391 306.705
2392 306.705
2393 306.705
2394 306.705
2395 306.705
2396 306.705
2397 306.705
2398 306.705
2399 306.705
2400 306.705
2401 306.705
2402 306.705
2403 306.705
2404 306.705
2405 306.705
2406 306.705
2407 306.705
2408 306.705
2409 306.705
2410 306.705
2411 306.705
2412 306.705
2413 306.705
2414 306.705
2415 306.705
2416 306.705
2417 306.705
2418 306.705
2419 306.705
2420 306.705
2421 306.705
2422 306.705
2423 306.705
2424 306.705
2425 306.705
2426 306.705
2427 306.705
2428 306.705
2429 306.705
2430 306.705
2431 306.705
2432 306.705
2433 306.705
2434 306.705
2435 306.705
2436 306.705
2437 306.705
2438 306.705
2439 306.705
2440 306.705
2441 306.705
2442 306.705
2443 306.705
2444 306.705
2445 306.705
2446 306.705
2447 306.705
2448 306.705
2449 306.705
2450 306.705
2451 306.705
2452 306.705
2453 306.705
2454 306.705
2455 306.705
2456 306.705
2457 306.705
2458 306.705
2459 306.705
2460 306.705
2461 306.705
2462 306.705
2463 306.705
2464 306.705
2465 306.705
2466 306.705
2467 306.705
2468 306.705
2469 306.705
2470 306.705
2471 306.705
2472 306.705
2473 306.705
2474 306.705
2475 306.705
2476 306.705
2477 306.705
2478 306.705
2479 306.705
2480 306.705
2481 306.705
2482 306.705
2483 306.705
2484 306.705
2485 306.705
2486 306.705
2487 306.705
2488 306.705
2489 306.705
2490 306.705
2491 306.705
2492 306.705
2493 306.705
2494 306.705
2495 306.705
2496 306.705
2497 306.705
2498 306.705
2499 306.705
2500 306.705
2501 306.705
2502 306.705
2503 306.705
2504 306.705
2505 306.705
2506 306.705
2507 306.705
2508 306.705
2509 306.705
2510 306.705
2511 306.705
2512 306.705
2513 306.705
2514 306.705
2515 306.705
2516 306.705
2517 306.705
2518 306.705
2519 306.705
2520 306.705
2521 306.705
2522 306.705
2523 306.705
2524 306.705
2525 306.705
2526 306.705
2527 306.705
2528 306.705
2529 306.705
2530 306.705
2531 306.705
2532 306.705
2533 306.705
2534 306.705
2535 306.705
2536 306.705
2537 306.705
2538 306.705
2539 306.705
2540 306.705
2541 306.705
2542 306.705
2543 306.705
2544 306.705
2545 306.705
2546 306.705
2547 306.705
2548 306.705
2549 306.705
2550 306.705
2551 306.705
2552 306.705
2553 306.705
2554 306.705
2555 306.705
2556 306.705
2557 306.705
2558 306.705
2559 306.705
2560 306.705
2561 306.705
2562 306.705
2563 306.705
2564 306.705
2565 306.705
2566 306.705
2567 306.705
2568 306.705
2569 306.705
2570 306.705
2571 306.705
2572 306.705
2573 306.705
2574 306.705
2575 306.705
2576 306.705
2577 306.705
2578 306.705
2579 306.705
2580 306.705
2581 306.705
2582 306.705
2583 306.705
2584 306.705
2585 306.705
2586 306.705
2587 306.705
2588 306.705
2589 306.705
2590 306.705
2591 306.705
2592 306.705
2593 306.705
2594 306.705
2595 306.705
2596 306.705
2597 306.705
2598 306.705
2599 306.705
2600 306.705
2601 306.705
2602 306.705
2603 306.705
2604 306.705
2605 306.705
2606 306.705
2607 306.705
2608 306.705
2609 306.705
2610 306.705
2611 306.705
2612 306.705
2613 306.705
2614 306.705
2615 306.705
2616 306.705
2617 306.705
2618 306.705
2619 306.705
2620 306.705
2621 306.705
2622 306.705
2623 306.705
2624 306.705
2625 306.705
2626 306.705
2627 306.705
2628 306.705
2629 306.705
2630 306.705
2631 306.705
2632 306.705
2633 306.705
2634 306.705
2635 306.705
2636 306.705
2637 306.705
2638 306.705
2639 306.705
2640 306.705
2641 306.705
2642 306.705
2643 306.705
2644 306.705
2645 306.705
2646 306.705
2647 306.705
2648 306.705
2649 306.705
2650 306.705
2651 306.705
2652 306.705
2653 306.705
2654 306.705
2655 306.705
2656 306.705
2657 306.705
2658 306.705
2659 306.705
2660 306.705
2661 306.705
2662 306.705
2663 306.705
2664 306.705
2665 306.705
2666 306.705
2667 306.705
2668 306.705
2669 306.705
2670 306.705
2671 306.705
2672 306.705
2673 306.705
2674 306.705
2675 306.705
2676 306.705
2677 306.705
2678 306.705
2679 306.705
2680 306.705
2681 306.705
2682 306.705
2683 306.705
2684 306.705
2685 306.705
2686 306.705
2687 306.705
2688 306.705
2689 306.705
2690 306.705
2691 306.705
2692 306.705
2693 306.705
2694 306.705
2695 306.705
2696 306.705
2697 306.705
2698 306.705
2699 306.705
2700 306.705
2701 306.705
2702 306.705
2703 306.705
2704 306.705
2705 306.705
2706 306.705
2707 306.705
2708 306.705
2709 306.705
2710 306.705
2711 306.705
2712 306.705
2713 306.705
2714 306.705
2715 306.705
2716 306.705
2717 306.705
2718 306.705
2719 306.705
2720 306.705
2721 306.705
2722 306.705
2723 306.705
2724 306.705
2725 306.705
2726 306.705
2727 306.705
2728 306.705
2729 306.705
2730 306.705
2731 306.705
2732 306.705
2733 306.705
2734 306.705
2735 306.705
2736 306.705
2737 306.705
2738 306.705
2739 306.705
2740 306.705
2741 306.705
2742 306.705
2743 306.705
2744 306.705
2745 306.705
2746 306.705
2747 306.705
2748 306.705
2749 306.705
2750 306.705
2751 306.705
2752 306.705
2753 306.705
2754 306.705
2755 306.705
2756 306.705
2757 306.705
2758 306.705
2759 306.705
2760 306.705
2761 306.705
2762 306.705
2763 306.705
2764 306.705
2765 306.705
2766 306.705
2767 306.705
2768 306.705
2769 306.705
2770 306.705
2771 306.705
2772 306.705
2773 306.705
2774 306.705
2775 306.705
2776 306.705
2777 306.705
2778 306.705
2779 306.705
2780 306.705
2781 306.705
2782 306.705
2783 306.705
2784 306.705
2785 306.705
2786 306.705
2787 306.705
2788 306.705
2789 306.705
2790 306.705
2791 306.705
2792 306.705
2793 306.705
2794 306.705
2795 306.705
2796 306.705
2797 306.705
2798 306.705
2799 306.705
2800 306.705
2801 306.705
2802 306.705
2803 306.705
2804 306.705
2805 306.705
2806 306.705
2807 306.705
2808 306.705
2809 306.705
2810 306.705
2811 306.705
2812 306.705
2813 306.705
2814 306.705
2815 306.705
2816 306.705
2817 306.705
2818 306.705
2819 306.705
2820 306.705
2821 306.705
2822 306.705
2823 306.705
2824 306.705
2825 306.705
2826 306.705
2827 306.705
2828 306.705
2829 306.705
2830 306.705
2831 306.705
2832 306.705
2833 306.705
2834 306.705
2835 306.705
2836 306.705
2837 306.705
2838 306.705
2839 306.705
2840 306.705
2841 306.705
2842 306.705
2843 306.705
2844 306.705
2845 306.705
2846 306.705
2847 306.705
2848 306.705
2849 306.705
2850 306.705
2851 306.705
2852 306.705
2853 306.705
2854 306.705
2855 306.705
2856 306.705
2857 306.705
2858 306.705
2859 306.705
2860 306.705
2861 306.705
2862 306.705
2863 306.705
2864 306.705
2865 306.705
2866 306.705
2867 306.705
2868 306.705
2869 306.705
2870 306.705
2871 306.705
2872 306.705
2873 306.705
2874 306.705
2875 306.705
2876 306.705
2877 306.705
2878 306.705
2879 306.705
2880 306.705
2881 306.705
2882 306.705
2883 306.705
2884 306.705
2885 306.705
2886 306.705
2887 306.705
2888 306.705
2889 306.705
2890 306.705
2891 306.705
2892 306.705
2893 306.705
2894 306.705
2895 306.705
2896 306.705
2897 306.705
2898 306.705
2899 306.705
2900 306.705
2901 306.705
2902 306.705
2903 306.705
2904 306.705
2905 306.705
2906 306.705
2907 306.705
2908 306.705
2909 306.705
2910 306.705
2911 306.705
2912 306.705
2913 306.705
2914 306.705
2915 306.705
2916 306.705
2917 306.705
2918 306.705
2919 306.705
2920 306.705
2921 306.705
2922 306.705
2923 306.705
2924 306.705
2925 306.705
2926 306.705
2927 306.705
2928 306.705
2929 306.705
2930 306.705
2931 306.705
2932 306.705
2933 306.705
2934 306.705
2935 306.705
2936 306.705
2937 306.705
2938 306.705
2939 306.705
2940 306.705
2941 306.705
2942 306.705
2943 306.705
2944 306.705
2945 306.705
2946 306.705
2947 306.705
2948 306.705
2949 306.705
2950 306.705
2951 306.705
2952 306.705
2953 306.705
2954 306.705
2955 306.705
2956 306.705
2957 306.705
2958 306.705
2959 306.705
2960 306.705
2961 306.705
2962 306.705
2963 306.705
2964 306.705
2965 306.705
2966 306.705
2967 306.705
2968 306.705
2969 306.705
2970 306.705
2971 306.705
2972 306.705
2973 306.705
2974 306.705
2975 306.705
2976 306.705
2977 306.705
2978 306.705
2979 306.705
2980 306.705
2981 306.705
2982 306.705
2983 306.705
2984 306.705
2985 306.705
2986 306.705
2987 306.705
2988 306.705
2989 306.705
2990 306.705
2991 306.705
2992 306.705
2993 306.705
2994 306.705
2995 306.705
2996 306.705
2997 306.705
2998 306.705
2999 306.705
3000 306.705
