2 762.204
3 677.846
4 646.835
5 599.352
6 581.078
7 565.029
8 536.364
9 529.875
10 525.723
11 518.231
12 498.388
13 489.834
14 489.834
15 488.864
16 483.582
17 474.357
18 467.335
19 459.255
20 459.255
21 444.203
22 424.886
23 424.886
24 424.886
25 415.315
26 415.315
27 415.315
28 411.18
29 411.18
30 411.18
31 411.18
32 411.18
33 411.18
34 406.406
35 406.406
36 400.654
37 391.218
38 391.218
39 391.218
40 389.316
41 386.62
42 385.168
43 385.168
44 384.593
45 373.823
46 373.628
47 373.628
48 369.782
49 369.782
50 368.05
51 362.88
52 359.699
53 359.699
54 359.699
55 359.699
56 359.699
57 359.699
58 359.699
59 359.699
60 359.699
61 359.699
62 359.699
63 355.175
64 352.484
65 344.391
66 344.237
67 343.282
68 334.65
69 334.65
70 334.65
71 334.65
72 334.65
73 334.65
74 334.65
75 334.65
76 334.65
77 334.65
78 334.65
79 334.65
80 334.65
81 332.119
82 332.119
83 332.119
84 332.119
85 332.119
86 332.119
87 331.349
88 331.349
89 331.21
90 331.21
91 331.21
92 331.21
93 331.21
94 331.21
95 331.21
96 331.21
97 331.21
98 331.21
99 330.617
100 330.617
101 330.617
102 330.617
103 330.617
104 330.617
105 330.617
106 330.617
107 330.617
108 330.617
109 330.135
110 330.135
111 330.135
112 329.941
113 329.941
114 329.15
115 329.15
116 329.15
117 328.591
118 328.591
119 328.591
120 328.591
121 328.591
122 328.591
123 328.084
124 328.084
125 328.084
126 328.084
127 328.084
128 328.084
129 328.084
130 328.084
131 327.534
132 327.534
133 327.534
134 325.498
135 325.498
136 325.498
137 325.498
138 325.498
139 325.498
140 325.498
141 325.498
142 325.498
143 325.498
144 325.498
145 325.498
146 325.498
147 325.498
148 325.498
149 325.498
150 325.498
151 325.498
152 325.498
153 325.498
154 325.498
155 323.435
156 323.435
157 323.435
158 323.435
159 323.435
160 323.435
161 323.435
162 323.435
163 323.435
164 323.435
165 323.435
166 323.435
167 323.435
168 323.435
169 323.435
170 323.435
171 323.435
172 321.456
173 320.917
174 320.917
175 320.917
176 320.917
177 320.917
178 320.917
179 320.917
180 320.917
181 320.917
182 320.917
183 320.917
184 320.917
185 320.917
186 320.917
187 320.917
188 320.917
189 320.917
190 320.917
191 320.917
192 320.917
193 320.917
194 320.539
195 320.539
196 320.539
197 320.539
198 320.539
199 320.539
200 320.539
201 320.539
202 320.539
203 320.539
204 320.539
205 320.539
206 320.539
207 320.539
208 320.539
209 320.539
210 320.539
211 320.539
212 320.539
213 320.539
214 320.539
215 320.539
216 320.539
217 320.322
218 320.322
219 320.322
220 320.322
221 320.322
222 320.322
223 317.629
224 317.629
225 317.629
226 317.629
227 317.629
228 317.629
229 317.629
230 317.629
231 317.629
232 317.629
233 317.629
234 317.629
235 317.629
236 317.629
237 317.629
238 317.629
239 317.629
240 317.629
241 317.629
242 317.629
243 317.629
244 317.629
245 317.629
246 317.629
247 317.629
248 317.629
249 317.629
250 317.629
251 317.431
252 317.431
253 317.431
254 317.431
255 316.902
256 314.853
257 314.853
258 314.853
259 314.853
260 314.853
261 314.853
262 314.853
263 314.853
264 314.853
265 314.853
266 314.853
267 314.853
268 314.853
269 314.853
270 314.853
271 314.853
272 314.853
273 314.853
274 314.853
275 314.853
276 314.853
277 314.853
278 314.853
279 314.853
280 314.853
281 314.853
282 314.853
283 314.853
284 314.853
285 314.853
286 314.853
287 314.853
288 314.853
289 314.808
290 314.074
291 313.802
292 313.802
293 313.802
294 313.802
295 313.802
296 313.802
297 313.802
298 313.802
299 313.802
300 310.595
301 310.595
302 310.595
303 310.595
304 310.595
305 310.595
306 310.595
307 310.595
308 310.595
309 310.595
310 310.595
311 310.595
312 310.595
313 310.595
314 310.595
315 310.595
316 310.595
317 310.595
318 310.595
319 310.595
320 310.595
321 310.595
322 310.595
323 310.595
324 310.595
325 310.595
326 310.595
327 310.595
328 310.595
329 310.595
330 310.595
331 310.595
332 310.595
333 310.595
334 310.595
335 310.595
336 310.595
337 310.595
338 310.595
339 310.595
340 310.595
341 310.595
342 310.595
343 310.595
344 310.595
345 310.595
346 310.595
347 310.595
348 310.595
349 310.595
350 310.595
351 310.595
352 310.595
353 310.595
354 310.595
355 310.595
356 310.595
357 310.595
358 310.595
359 310.595
360 310.595
361 310.595
362 310.595
363 310.595
364 310.595
365 310.595
366 310.595
367 310.595
368 310.595
369 310.595
370 310.595
371 310.595
372 310.595
373 310.595
374 310.595
375 310.595
376 310.595
377 310.595
378 310.595
379 310.595
380 310.595
381 310.595
382 310.595
383 310.595
384 310.595
385 310.595
386 310.595
387 310.595
388 310.595
389 310.595
390 310.595
391 310.595
392 310.595
393 310.595
394 310.595
395 310.595
396 310.595
397 310.595
398 310.595
399 310.595
400 310.595
401 310.595
402 310.595
403 310.595
404 310.595
405 310.595
406 310.595
407 310.595
408 310.595
409 310.595
410 310.595
411 310.595
412 310.595
413 310.595
414 310.595
415 310.595
416 310.595
417 310.595
418 310.595
419 310.595
420 310.595
421 310.595
422 310.595
423 310.595
424 310.595
425 310.595
426 310.595
427 310.595
428 310.595
429 310.595
430 310.595
431 310.595
432 310.595
433 310.595
434 310.595
435 310.595
436 310.595
437 310.595
438 310.595
439 310.595
440 310.595
441 310.595
442 310.595
443 310.595
444 310.595
445 310.595
446 310.595
447 310.595
448 310.595
449 310.595
450 310.595
451 310.595
452 310.595
453 310.595
454 310.595
455 310.595
456 310.595
457 310.595
458 310.595
459 310.595
460 310.595
461 310.595
462 310.595
463 310.595
464 310.595
465 310.595
466 310.595
467 310.595
468 310.595
469 310.595
470 310.595
471 310.595
472 310.595
473 310.595
474 310.595
475 310.595
476 310.595
477 310.595
478 310.595
479 310.595
480 310.595
481 310.595
482 310.595
483 310.595
484 310.595
485 310.595
486 310.595
487 310.595
488 310.595
489 310.595
490 310.595
491 310.595
492 310.595
493 309.526
494 309.526
495 309.526
496 309.526
497 309.526
498 309.526
499 309.526
500 309.526
501 305.62
502 305.62
503 305.62
504 305.62
505 305.62
506 305.62
507 305.62
508 305.62
509 305.62
510 305.62
511 305.62
512 305.62
513 305.62
514 305.62
515 305.62
516 305.62
517 305.62
518 305.62
519 305.62
520 305.62
521 305.62
522 305.62
523 305.62
524 305.62
525 305.62
526 305.62
527 305.62
528 305.62
529 305.62
530 305.62
531 305.62
532 305.62
533 305.62
534 305.62
535 305.62
536 305.62
537 305.62
538 305.62
539 305.62
540 305.62
541 305.62
542 305.62
543 305.62
544 305.62
545 305.62
546 305.62
547 305.62
548 305.62
549 305.62
550 305.62
551 305.62
552 305.62
553 305.62
554 305.62
555 305.62
556 305.62
557 305.62
558 305.62
559 305.62
560 305.62
561 305.62
562 305.62
563 305.62
564 305.62
565 305.62
566 305.62
567 305.62
568 305.62
569 305.62
570 305.62
571 305.62
572 305.62
573 305.62
574 305.62
575 305.62
576 305.62
577 305.62
578 305.62
579 305.62
580 305.62
581 305.62
582 305.62
583 305.62
584 305.62
585 305.62
586 305.62
587 305.62
588 305.62
589 305.448
590 305.448
591 305.448
592 305.448
593 305.448
594 305.448
595 305.448
596 305.448
597 305.448
598 305.448
599 305.448
600 305.448
601 305.448
602 305.448
603 305.448
604 305.448
605 305.448
606 305.448
607 305.448
608 305.448
609 305.448
610 305.448
611 305.448
612 305.448
613 305.448
614 305.448
615 305.448
616 305.448
617 305.448
618 305.448
619 305.448
620 305.448
621 305.448
622 305.448
623 305.448
624 305.448
625 305.448
626 305.448
627 305.448
628 305.448
629 305.448
630 305.448
631 305.448
632 305.225
633 305.225
634 305.225
635 305.225
636 305.076
637 305.076
638 305.076
639 305.076
640 305.076
641 305.076
642 305.076
643 305.076
644 305.076
645 305.076
646 305.076
647 305.076
648 305.076
649 305.076
650 305.076
651 305.076
652 305.076
653 305.076
654 305.076
655 305.076
656 305.076
657 305.076
658 305.076
659 305.076
660 305.076
661 305.076
662 305.076
663 305.076
664 305.076
665 305.076
666 305.076
667 305.076
668 305.076
669 305.076
670 305.076
671 305.076
672 305.076
673 305.076
674 305.076
675 305.076
676 305.076
677 305.076
678 305.076
679 305.076
680 305.076
681 305.076
682 305.076
683 305.076
684 305.076
685 305.076
686 305.076
687 305.076
688 305.076
689 305.076
690 305.076
691 305.076
692 305.076
693 305.076
694 305.076
695 305.076
696 305.076
697 305.076
698 305.076
699 305.076
700 305.076
701 305.076
702 305.076
703 304.866
704 304.866
705 304.866
706 304.866
707 304.866
708 304.866
709 304.866
710 304.866
711 304.866
712 304.866
713 304.866
714 304.866
715 304.866
716 304.866
717 304.866
718 304.866
719 304.866
720 304.866
721 304.866
722 304.866
723 304.866
724 304.866
725 304.866
726 304.044
727 304.044
728 304.044
729 304.044
730 304.044
731 304.044
732 304.044
733 304.044
734 304.044
735 304.044
736 304.044
737 304.044
738 304.044
739 304.017
740 304.017
741 304.017
742 304.017
743 304.017
744 304.017
745 304.017
746 304.017
747 304.017
748 303.259
749 303.259
750 303.259
751 303.259
752 303.259
753 303.259
754 303.259
755 303.259
756 302.234
757 302.234
758 302.234
759 302.234
760 302.234
761 302.234
762 302.234
763 302.234
764 302.234
765 302.234
766 302.234
767 302.234
768 302.234
769 302.234
770 302.234
771 302.234
772 302.234
773 302.234
774 302.234
775 302.234
776 302.234
777 302.234
778 302.234
779 302.234
780 302.234
781 302.234
782 302.234
783 302.234
784 302.234
785 302.234
786 302.234
787 302.234
788 302.234
789 302.234
790 302.234
791 302.234
792 302.234
793 302.234
794 302.234
795 302.234
796 302.234
797 302.234
798 302.234
799 302.234
800 302.234
801 302.234
802 302.234
803 302.234
804 302.234
805 302.234
806 302.234
807 302.234
808 302.234
809 302.234
810 302.234
811 302.234
812 302.234
813 302.234
814 302.234
815 302.234
816 302.234
817 302.234
818 302.234
819 302.234
820 302.234
821 302.234
822 302.234
823 302.234
824 302.234
825 302.234
826 302.234
827 302.234
828 302.234
829 302.234
830 302.234
831 302.234
832 302.234
833 302.234
834 302.234
835 302.234
836 302.234
837 302.234
838 302.234
839 302.234
840 302.234
841 302.234
842 302.234
843 302.234
844 302.234
845 302.234
846 302.234
847 302.234
848 302.234
849 302.234
850 302.234
851 302.234
852 302.234
853 302.234
854 302.234
855 302.234
856 302.234
857 302.234
858 302.234
859 302.234
860 302.234
861 302.234
862 302.234
863 302.234
864 302.234
865 302.234
866 302.234
867 302.234
868 302.234
869 302.234
870 302.234
871 302.234
872 302.234
873 302.234
874 302.234
875 302.234
876 302.234
877 302.234
878 302.234
879 302.234
880 302.234
881 302.234
882 302.234
883 302.234
884 302.234
885 302.234
886 302.234
887 302.234
888 302.234
889 302.234
890 302.234
891 302.234
892 302.234
893 302.234
894 302.234
895 302.234
896 302.234
897 302.234
898 302.234
899 302.234
900 302.234
901 302.234
902 302.234
903 302.234
904 302.234
905 302.234
906 302.234
907 302.234
908 302.234
909 302.234
910 302.234
911 302.234
912 302.234
913 302.234
914 302.234
915 302.234
916 302.234
917 302.234
918 302.234
919 302.234
920 302.234
921 302.234
922 302.234
923 302.234
924 302.234
925 302.234
926 302.234
927 302.234
928 302.234
929 302.234
930 302.234
931 302.234
932 302.234
933 302.234
934 302.234
935 302.234
936 302.234
937 302.234
938 302.234
939 302.234
940 302.234
941 302.234
942 302.234
943 302.234
944 302.234
945 302.234
946 302.234
947 302.234
948 302.234
949 302.234
950 302.234
951 302.234
952 302.234
953 302.234
954 302.234
955 302.234
956 302.234
957 302.234
958 302.234
959 302.234
960 302.234
961 302.234
962 302.234
963 302.234
964 302.234
965 302.234
966 302.234
967 302.234
968 302.234
969 302.234
970 302.234
971 302.234
972 302.234
973 302.234
974 302.234
975 302.234
976 302.234
977 302.234
978 302.234
979 302.234
980 302.234
981 302.234
982 302.234
983 302.234
984 302.234
985 302.234
986 302.234
987 302.234
988 302.234
989 302.234
990 302.234
991 302.234
992 302.234
993 302.234
994 302.234
995 302.234
996 302.234
997 302.234
998 302.234
999 302.234
1000 302.234
1001 302.234
1002 302.234
1003 302.234
1004 302.234
1005 302.234
1006 302.234
1007 302.234
1008 302.234
1009 302.234
1010 302.234
1011 302.234
1012 302.234
1013 302.234
1014 302.234
1015 302.234
1016 302.234
1017 302.234
1018 302.234
1019 302.234
1020 302.234
1021 302.234
1022 302.234
1023 302.234
1024 302.234
1025 302.234
1026 302.234
1027 302.234
1028 302.234
1029 302.234
1030 302.234
1031 302.234
1032 302.234
1033 302.234
1034 302.234
1035 302.234
1036 302.234
1037 302.234
1038 302.234
1039 302.234
1040 302.234
1041 302.234
1042 302.234
1043 302.234
1044 302.234
1045 302.234
1046 302.234
1047 302.234
1048 302.234
1049 302.234
1050 302.234
1051 302.234
1052 302.234
1053 302.234
1054 302.234
1055 302.234
1056 302.234
1057 302.234
1058 302.234
1059 302.234
1060 302.234
1061 302.234
1062 302.234
1063 302.234
1064 302.234
1065 302.234
1066 302.234
1067 302.234
1068 302.234
1069 302.234
1070 302.234
1071 302.234
1072 302.234
1073 302.234
1074 302.234
1075 302.234
1076 302.234
1077 302.234
1078 302.234
1079 302.234
1080 302.234
1081 302.234
1082 302.234
1083 302.234
1084 302.234
1085 302.234
1086 302.234
1087 302.234
1088 302.234
1089 302.234
1090 302.234
1091 302.234
1092 302.234
1093 302.234
1094 302.234
1095 302.234
1096 302.234
1097 302.234
1098 302.234
1099 302.234
1100 302.234
1101 302.234
1102 302.234
1103 302.234
1104 302.234
1105 302.234
1106 302.234
1107 302.234
1108 302.234
1109 302.234
1110 302.234
1111 302.234
1112 302.234
1113 302.234
1114 302.234
1115 302.234
1116 302.234
1117 302.234
1118 302.234
1119 302.234
1120 302.234
1121 302.234
1122 302.234
1123 302.234
1124 302.234
1125 302.234
1126 302.234
1127 302.234
1128 302.234
1129 302.234
1130 302.234
1131 302.234
1132 302.234
1133 302.234
1134 302.234
1135 302.234
1136 302.234
1137 302.234
1138 302.234
1139 302.234
1140 302.234
1141 302.234
1142 302.234
1143 302.234
1144 302.234
1145 302.234
1146 302.234
1147 302.234
1148 302.234
1149 302.234
1150 302.234
1151 302.234
1152 302.234
1153 302.234
1154 302.234
1155 302.234
1156 302.234
1157 302.234
1158 302.234
1159 302.234
1160 302.234
1161 302.234
1162 302.234
1163 302.234
1164 302.234
1165 302.234
1166 302.234
1167 302.234
1168 302.234
1169 302.234
1170 302.234
1171 302.234
1172 302.234
1173 302.234
1174 302.234
1175 302.234
1176 302.234
1177 302.234
1178 302.234
1179 302.234
1180 302.234
1181 302.234
1182 302.234
1183 302.234
1184 302.234
1185 302.234
1186 302.234
1187 302.234
1188 302.234
1189 302.234
1190 302.234
1191 302.234
1192 302.234
1193 302.234
1194 302.234
1195 302.234
1196 302.234
1197 302.234
1198 302.234
1199 302.234
1200 302.234
1201 302.234
1202 302.234
1203 302.234
1204 302.234
1205 302.234
1206 302.234
1207 302.234
1208 302.234
1209 302.234
1210 302.234
1211 302.234
1212 302.234
1213 302.234
1214 302.234
1215 302.234
1216 302.234
1217 302.234
1218 302.234
1219 302.234
1220 302.234
1221 302.234
1222 302.234
1223 302.234
1224 302.234
1225 302.234
1226 302.234
1227 302.234
1228 302.234
1229 302.234
1230 302.234
1231 302.234
1232 302.234
1233 302.234
1234 302.234
1235 302.234
1236 302.234
1237 302.234
1238 302.234
1239 302.234
1240 302.234
1241 302.234
1242 302.234
1243 302.234
1244 302.234
1245 302.234
1246 302.234
1247 302.234
1248 302.234
1249 302.234
1250 302.234
1251 302.234
1252 302.234
1253 302.234
1254 302.234
1255 302.234
1256 302.234
1257 302.234
1258 302.234
1259 302.234
1260 302.234
1261 302.234
1262 302.234
1263 302.234
1264 302.234
1265 302.234
1266 302.234
1267 302.234
1268 302.234
1269 302.234
1270 302.234
1271 302.234
1272 302.234
1273 302.234
1274 302.234
1275 302.234
1276 302.234
1277 302.234
1278 302.234
1279 302.234
1280 302.234
1281 302.234
1282 302.234
1283 302.234
1284 302.234
1285 302.234
1286 302.234
1287 302.234
1288 302.234
1289 302.234
1290 302.234
1291 302.234
1292 302.234
1293 302.234
1294 302.234
1295 302.234
1296 302.234
1297 302.234
1298 302.234
1299 302.234
1300 302.234
1301 302.234
1302 302.234
1303 302.234
1304 302.234
1305 302.234
1306 302.234
1307 302.234
1308 302.234
1309 302.234
1310 302.234
1311 302.234
1312 302.234
1313 302.234
1314 302.234
1315 302.234
1316 302.234
1317 302.234
1318 302.234
1319 302.234
1320 302.234
1321 302.234
1322 302.234
1323 302.234
1324 302.234
1325 302.234
1326 302.234
1327 302.234
1328 302.234
1329 302.234
1330 302.234
1331 302.234
1332 302.234
1333 302.234
1334 302.234
1335 302.234
1336 302.234
1337 302.234
1338 302.234
1339 302.234
1340 302.234
1341 302.234
1342 302.234
1343 302.234
1344 302.234
1345 302.234
1346 302.234
1347 302.234
1348 302.234
1349 302.234
1350 302.234
1351 302.234
1352 302.234
1353 302.234
1354 302.234
1355 302.234
1356 302.234
1357 302.234
1358 302.234
1359 302.234
1360 302.234
1361 302.234
1362 302.234
1363 302.234
1364 302.234
1365 302.234
1366 302.234
1367 302.234
1368 302.234
1369 302.234
1370 302.234
1371 302.234
1372 302.234
1373 302.234
1374 302.234
1375 302.234
1376 302.234
1377 302.234
1378 302.234
1379 302.234
1380 302.234
1381 302.234
1382 302.234
1383 302.234
1384 302.234
1385 302.234
1386 302.234
1387 302.234
1388 302.234
1389 302.234
1390 302.234
1391 302.234
1392 302.234
1393 302.234
1394 302.234
1395 302.234
1396 302.234
1397 302.234
1398 302.234
1399 302.234
1400 302.234
1401 302.234
1402 302.234
1403 302.234
1404 302.234
1405 302.234
1406 302.234
1407 302.234
1408 302.234
1409 302.234
1410 302.234
1411 302.234
1412 302.234
1413 302.234
1414 302.234
1415 302.234
1416 302.234
1417 302.234
1418 302.234
1419 302.234
1420 302.234
1421 302.234
1422 302.234
1423 302.234
1424 302.234
1425 302.234
1426 302.234
1427 302.234
1428 302.234
1429 302.234
1430 302.234
1431 302.234
1432 302.234
1433 302.234
1434 302.234
1435 302.234
1436 302.234
1437 302.234
1438 302.234
1439 302.234
1440 302.234
1441 302.234
1442 302.234
1443 302.234
1444 302.234
1445 302.234
1446 302.234
1447 302.234
1448 302.234
1449 302.234
1450 302.234
1451 302.234
1452 302.234
1453 302.234
1454 302.234
1455 302.234
1456 302.234
1457 302.234
1458 302.234
1459 302.234
1460 302.234
1461 302.234
1462 302.234
1463 302.234
1464 302.234
1465 302.234
1466 302.234
1467 302.234
1468 302.234
1469 302.234
1470 302.234
1471 302.234
1472 302.234
1473 302.234
1474 302.234
1475 302.234
1476 302.234
1477 302.234
1478 302.234
1479 302.234
1480 302.234
1481 302.234
1482 302.234
1483 302.234
1484 302.234
1485 302.234
1486 302.234
1487 302.234
1488 302.234
1489 302.234
1490 302.234
1491 302.234
1492 302.234
1493 302.234
1494 302.234
1495 302.234
1496 302.234
1497 302.234
1498 302.234
1499 302.234
1500 302.234
1501 302.234
1502 302.234
1503 302.234
1504 302.234
1505 302.234
1506 302.234
1507 302.234
1508 302.234
1509 302.234
1510 302.234
1511 302.234
1512 302.234
1513 302.234
1514 302.234
1515 302.234
1516 302.234
1517 302.234
1518 302.234
1519 302.234
1520 302.234
1521 302.234
1522 302.234
1523 302.234
1524 302.234
1525 302.234
1526 302.234
1527 302.234
1528 302.234
1529 302.234
1530 302.234
1531 302.234
1532 302.234
1533 302.234
1534 302.234
1535 302.234
1536 302.234
1537 302.234
1538 302.234
1539 302.234
1540 302.234
1541 302.234
1542 302.234
1543 302.234
1544 302.234
1545 302.234
1546 302.234
1547 302.234
1548 302.234
1549 302.234
1550 302.234
1551 302.234
1552 302.234
1553 302.234
1554 302.234
1555 302.234
1556 302.234
1557 302.234
1558 302.234
1559 302.234
1560 302.234
1561 302.234
1562 302.234
1563 302.234
1564 302.234
1565 302.234
1566 302.234
1567 302.234
1568 302.234
1569 302.234
1570 302.234
1571 302.234
1572 302.234
1573 302.234
1574 302.234
1575 302.234
1576 302.234
1577 302.234
1578 302.234
1579 302.234
1580 302.234
1581 302.234
1582 302.234
1583 302.234
1584 302.234
1585 302.234
1586 302.234
1587 302.234
1588 302.234
1589 302.234
1590 302.234
1591 302.234
1592 302.234
1593 302.234
1594 302.234
1595 302.234
1596 302.234
1597 302.234
1598 302.234
1599 302.234
1600 302.234
1601 302.234
1602 302.234
1603 302.234
1604 302.234
1605 302.234
1606 302.234
1607 302.234
1608 302.234
1609 302.234
1610 302.234
1611 302.234
1612 302.234
1613 302.234
1614 302.234
1615 302.234
1616 302.234
1617 302.234
1618 302.234
1619 302.234
1620 302.234
1621 302.234
1622 302.234
1623 302.234
1624 302.234
1625 302.234
1626 302.234
1627 302.234
1628 302.234
1629 302.234
1630 302.234
1631 302.234
1632 302.234
1633 302.234
1634 302.234
1635 302.234
1636 302.234
1637 302.234
1638 302.234
1639 302.234
1640 302.234
1641 302.234
1642 302.234
1643 302.234
1644 302.234
1645 302.234
1646 302.234
1647 302.234
1648 302.234
1649 302.234
1650 302.234
1651 302.234
1652 302.234
1653 302.234
1654 302.234
1655 302.234
1656 302.234
1657 302.234
1658 302.234
1659 302.234
1660 302.234
1661 302.234
1662 302.234
1663 302.234
1664 302.234
1665 302.234
1666 302.234
1667 302.234
1668 302.234
1669 302.234
1670 302.234
1671 302.234
1672 302.234
1673 302.234
1674 302.234
1675 302.234
1676 302.234
1677 302.234
1678 302.234
1679 302.234
1680 302.234
1681 302.158
1682 302.158
1683 302.158
1684 302.158
1685 302.158
1686 302.158
1687 302.158
1688 302.158
1689 302.158
1690 302.158
1691 302.158
1692 302.158
1693 302.158
1694 302.158
1695 302.158
1696 302.158
1697 302.158
1698 302.158
1699 302.158
1700 302.158
1701 302.158
1702 302.158
1703 302.158
1704 302.158
1705 302.158
1706 302.158
1707 302.158
1708 302.158
1709 302.158
1710 302.158
1711 302.158
1712 302.158
1713 302.158
1714 302.158
1715 302.158
1716 302.158
1717 302.158
1718 302.158
1719 302.158
1720 302.158
1721 302.158
1722 302.158
1723 302.158
1724 302.158
1725 302.158
1726 302.158
1727 302.158
1728 302.158
1729 302.158
1730 302.158
1731 302.158
1732 302.158
1733 302.158
1734 302.158
1735 302.158
1736 302.158
1737 302.158
1738 302.158
1739 302.158
1740 302.158
1741 300.622
1742 300.622
1743 300.622
1744 300.622
1745 300.622
1746 300.622
1747 300.622
1748 300.622
1749 300.622
1750 300.622
1751 300.622
1752 300.622
1753 300.622
1754 300.622
1755 300.622
1756 300.622
1757 300.622
1758 300.622
1759 300.622
1760 300.622
1761 300.622
1762 300.622
1763 300.622
1764 300.622
1765 300.622
1766 300.622
1767 300.622
1768 300.622
1769 300.622
1770 300.622
1771 300.622
1772 300.622
1773 300.622
1774 300.622
1775 300.622
1776 300.622
1777 300.622
1778 300.622
1779 300.622
1780 300.622
1781 300.622
1782 300.622
1783 300.622
1784 300.622
1785 300.622
1786 300.622
1787 300.622
1788 300.622
1789 300.622
1790 300.622
1791 300.622
1792 300.622
1793 300.622
1794 300.622
1795 300.622
1796 300.622
1797 300.622
1798 300.622
1799 300.622
1800 300.622
1801 300.622
1802 300.622
1803 300.622
1804 300.622
1805 300.622
1806 300.622
1807 300.622
1808 300.622
1809 300.622
1810 300.622
1811 300.622
1812 300.622
1813 300.622
1814 300.622
1815 300.622
1816 300.622
1817 300.622
1818 300.622
1819 300.622
1820 300.622
1821 300.622
1822 300.622
1823 300.622
1824 300.622
1825 300.622
1826 300.622
1827 300.622
1828 300.622
1829 300.622
1830 300.622
1831 300.622
1832 300.622
1833 300.622
1834 300.622
1835 300.622
1836 300.622
1837 300.622
1838 300.622
1839 300.622
1840 300.622
1841 300.622
1842 300.622
1843 300.622
1844 300.622
1845 300.622
1846 300.622
1847 300.622
1848 300.622
1849 300.622
1850 300.622
1851 300.622
1852 300.622
1853 300.622
1854 300.622
1855 300.622
1856 300.622
1857 300.622
1858 300.622
1859 300.622
1860 300.622
1861 300.571
1862 300.187
1863 300.187
1864 300.187
1865 300.187
1866 300.187
1867 300.187
1868 300.187
1869 300.187
1870 300.187
1871 300.187
1872 300.187
1873 300.187
1874 300.187
1875 300.187
1876 300.187
1877 300.187
1878 300.187
1879 300.187
1880 300.187
1881 300.187
1882 300.187
1883 300.187
1884 300.187
1885 300.187
1886 300.187
1887 300.187
1888 300.187
1889 300.187
1890 300.142
1891 299.579
1892 299.579
1893 299.579
1894 299.579
1895 299.579
1896 299.579
1897 299.579
1898 299.579
1899 299.579
1900 299.579
1901 299.579
1902 299.579
1903 299.579
1904 299.579
1905 299.579
1906 299.579
1907 299.579
1908 299.579
1909 299.351
1910 299.351
1911 299.351
1912 299.351
1913 299.351
1914 299.351
1915 299.351
1916 299.351
1917 299.351
1918 299.351
1919 299.351
1920 299.351
1921 299.351
1922 299.351
1923 299.351
1924 299.351
1925 299.351
1926 299.351
1927 299.351
1928 299.351
1929 299.351
1930 299.351
1931 299.351
1932 299.351
1933 299.351
1934 299.351
1935 299.351
1936 299.351
1937 299.351
1938 299.351
1939 299.351
1940 299.351
1941 299.351
1942 299.351
1943 299.351
1944 299.351
1945 299.351
1946 299.351
1947 299.351
1948 299.351
1949 299.351
1950 299.351
1951 299.351
1952 299.351
1953 299.351
1954 299.351
1955 299.351
1956 299.351
1957 299.351
1958 299.351
1959 299.351
1960 299.351
1961 299.351
1962 299.351
1963 299.351
1964 299.351
1965 299.351
1966 299.351
1967 299.351
1968 299.351
1969 299.351
1970 299.351
1971 299.351
1972 299.351
1973 299.351
1974 299.351
1975 299.351
1976 299.351
1977 299.351
1978 299.351
1979 299.351
1980 299.351
1981 299.351
1982 299.351
1983 299.351
1984 299.351
1985 299.351
1986 299.351
1987 299.351
1988 299.351
1989 299.351
1990 299.351
1991 299.351
1992 299.351
1993 299.351
1994 299.351
1995 299.351
1996 299.351
1997 299.351
1998 299.351
1999 299.351
2000 299.351
2001 299.351
2002 299.351
2003 299.351
2004 299.351
2005 299.351
2006 299.351
2007 299.351
2008 299.351
2009 299.351
2010 299.351
2011 299.351
2012 299.351
2013 299.351
2014 299.351
2015 299.351
2016 299.351
2017 299.351
2018 299.351
2019 299.351
2020 299.351
2021 299.351
2022 299.351
2023 299.351
2024 299.351
2025 299.351
2026 299.351
2027 299.351
2028 299.351
2029 299.351
2030 299.351
2031 299.351
2032 299.351
2033 299.351
2034 299.351
2035 299.351
2036 299.351
2037 299.351
2038 299.351
2039 299.351
2040 299.351
2041 299.351
2042 299.351
2043 299.351
2044 299.351
2045 299.351
2046 299.351
2047 299.351
2048 299.351
2049 299.351
2050 299.351
2051 299.351
2052 299.351
2053 299.351
2054 299.351
2055 299.351
2056 299.351
2057 299.351
2058 299.351
2059 299.351
2060 299.351
2061 299.351
2062 299.351
2063 299.351
2064 299.351
2065 299.351
2066 299.351
2067 299.351
2068 299.351
2069 299.351
2070 299.351
2071 299.351
2072 299.351
2073 299.351
2074 299.351
2075 299.351
2076 299.351
2077 299.351
2078 299.351
2079 299.351
2080 299.351
2081 299.351
2082 299.351
2083 299.351
2084 299.351
2085 299.351
2086 299.351
2087 299.351
2088 299.351
2089 299.351
2090 299.351
2091 299.351
2092 299.351
2093 299.351
2094 299.351
2095 299.351
2096 299.351
2097 299.351
2098 299.351
2099 299.351
2100 299.351
2101 299.351
2102 299.351
2103 299.351
2104 299.351
2105 299.351
2106 299.351
2107 299.351
2108 299.351
2109 299.351
2110 299.351
2111 299.351
2112 299.351
2113 299.351
2114 299.351
2115 299.351
2116 299.351
2117 299.351
2118 299.351
2119 299.351
2120 299.351
2121 299.351
2122 299.351
2123 299.351
2124 299.351
2125 299.351
2126 299.351
2127 299.351
2128 299.351
2129 299.351
2130 299.351
2131 299.351
2132 299.351
2133 299.351
2134 299.351
2135 299.351
2136 299.351
2137 299.351
2138 299.351
2139 299.351
2140 299.351
2141 299.351
2142 299.351
2143 299.351
2144 299.351
2145 299.351
2146 299.351
2147 299.351
2148 299.351
2149 299.351
2150 299.351
2151 299.351
2152 299.351
2153 299.351
2154 299.351
2155 299.351
2156 299.351
2157 299.351
2158 299.351
2159 299.351
2160 299.306
2161 299.306
2162 299.306
2163 299.306
2164 299.306
2165 299.306
2166 299.306
2167 299.306
2168 299.306
2169 299.306
2170 299.306
2171 299.306
2172 299.306
2173 299.306
2174 299.306
2175 299.306
2176 299.306
2177 299.306
2178 299.306
2179 299.306
2180 299.306
2181 299.306
2182 299.306
2183 299.306
2184 299.306
2185 299.306
2186 299.306
2187 299.306
2188 299.306
2189 299.306
2190 299.306
2191 299.306
2192 299.306
2193 299.306
2194 299.306
2195 299.306
2196 299.306
2197 299.306
2198 299.306
2199 299.306
2200 299.306
2201 299.306
2202 299.306
2203 299.306
2204 299.306
2205 299.306
2206 299.306
2207 299.306
2208 299.306
2209 299.306
2210 299.306
2211 299.306
2212 299.306
2213 299.306
2214 299.306
2215 299.306
2216 299.306
2217 299.306
2218 299.306
2219 299.306
2220 299.306
2221 299.306
2222 299.306
2223 299.306
2224 299.306
2225 299.306
2226 299.306
2227 299.306
2228 299.306
2229 299.306
2230 299.306
2231 299.306
2232 299.306
2233 299.306
2234 299.306
2235 299.306
2236 299.306
2237 299.306
2238 299.306
2239 299.306
2240 299.306
2241 299.306
2242 299.306
2243 299.306
2244 299.306
2245 299.306
2246 299.306
2247 299.306
2248 299.306
2249 299.306
2250 299.306
2251 299.306
2252 299.306
2253 299.306
2254 299.306
2255 299.306
2256 299.306
2257 299.306
2258 299.306
2259 299.306
2260 299.306
2261 299.306
2262 299.306
2263 299.306
2264 299.306
2265 299.306
2266 299.306
2267 299.306
2268 299.306
2269 299.306
2270 299.306
2271 299.306
2272 299.306
2273 299.306
2274 299.306
2275 299.306
2276 299.306
2277 299.306
2278 299.306
2279 299.306
2280 299.306
2281 299.306
2282 299.306
2283 299.306
2284 299.306
2285 299.306
2286 299.306
2287 299.306
2288 299.306
2289 299.306
2290 299.306
2291 299.306
2292 299.306
2293 299.306
2294 299.306
2295 299.306
2296 299.306
2297 299.306
2298 299.306
2299 299.306
2300 299.306
2301 299.306
2302 299.306
2303 299.306
2304 299.306
2305 299.306
2306 299.306
2307 299.306
2308 299.306
2309 299.306
2310 299.306
2311 299.306
2312 299.306
2313 299.306
2314 299.306
2315 299.306
2316 299.306
2317 299.306
2318 299.306
2319 299.306
2320 299.306
2321 299.306
2322 299.306
2323 299.306
2324 299.306
2325 299.306
2326 299.306
2327 299.306
2328 299.306
2329 299.306
2330 299.306
2331 299.306
2332 299.306
2333 299.306
2334 299.306
2335 299.306
2336 299.306
2337 299.306
2338 299.306
2339 299.306
2340 299.306
2341 299.306
2342 299.306
2343 299.306
2344 299.306
2345 299.306
2346 299.306
2347 299.306
2348 299.306
2349 299.306
2350 299.306
2351 299.306
2352 299.306
2353 299.306
2354 299.306
2355 299.306
2356 299.306
2357 299.306
2358 299.306
2359 299.306
2360 299.306
2361 299.306
2362 299.306
2363 299.306
2364 299.306
2365 299.306
2366 299.306
2367 299.306
2368 299.306
2369 299.306
2370 299.306
2371 299.306
2372 299.306
2373 299.306
2374 299.306
2375 299.306
2376 299.306
2377 299.306
2378 299.306
2379 299.306
2380 299.306
2381 299.306
2382 299.306
2383 299.306
2384 299.306
2385 299.306
2386 299.306
2387 299.306
2388 299.306
2389 299.306
2390 299.306
2391 299.306
2392 299.306
2393 299.306
2394 299.306
2395 299.306
2396 299.306
2397 299.306
2398 299.306
2399 299.306
2400 299.306
2401 299.306
2402 299.306
2403 299.306
2404 299.306
2405 299.306
2406 299.306
2407 299.306
2408 299.306
2409 299.306
2410 299.306
2411 299.306
2412 299.306
2413 299.306
2414 299.306
2415 299.306
2416 299.306
2417 299.306
2418 299.306
2419 299.306
2420 299.306
2421 299.306
2422 299.306
2423 299.306
2424 299.306
2425 299.306
2426 299.306
2427 299.306
2428 299.306
2429 299.306
2430 299.306
2431 299.306
2432 299.306
2433 299.306
2434 299.306
2435 299.306
2436 299.306
2437 299.306
2438 299.306
2439 299.306
2440 299.306
2441 299.306
2442 299.306
2443 299.306
2444 299.306
2445 299.306
2446 299.306
2447 299.306
2448 299.306
2449 299.306
2450 299.306
2451 299.306
2452 299.306
2453 299.306
2454 299.306
2455 299.306
2456 299.306
2457 299.306
2458 299.306
2459 299.306
2460 299.306
2461 299.306
2462 299.306
2463 299.306
2464 299.306
2465 299.306
2466 299.306
2467 299.306
2468 299.306
2469 299.306
2470 298.092
2471 298.092
2472 298.092
2473 298.092
2474 298.092
2475 298.092
2476 298.092
2477 298.092
2478 298.092
2479 298.092
2480 298.092
2481 298.092
2482 298.092
2483 298.092
2484 298.092
2485 298.092
2486 298.092
2487 298.092
2488 298.092
2489 298.092
2490 298.092
2491 298.092
2492 298.092
2493 298.092
2494 298.092
2495 298.092
2496 298.092
2497 298.092
2498 298.092
2499 298.092
2500 298.092
2501 298.092
2502 298.092
2503 298.092
2504 298.092
2505 298.092
2506 298.092
2507 298.092
2508 298.092
2509 298.092
2510 298.092
2511 298.092
2512 298.092
2513 298.092
2514 298.092
2515 298.092
2516 298.092
2517 298.092
2518 298.092
2519 298.092
2520 298.092
2521 298.092
2522 298.092
2523 298.092
2524 298.092
2525 298.092
2526 298.092
2527 298.092
2528 298.092
2529 298.092
2530 298.092
2531 298.092
2532 298.092
2533 298.092
2534 298.092
2535 298.092
2536 298.092
2537 298.092
2538 298.092
2539 298.092
2540 298.092
2541 298.092
2542 298.092
2543 298.092
2544 298.092
2545 298.092
2546 298.092
2547 298.092
2548 298.092
2549 298.092
2550 298.092
2551 298.092
2552 298.092
2553 298.092
2554 298.092
2555 298.092
2556 298.092
2557 298.092
2558 298.092
2559 298.092
2560 298.092
2561 298.092
2562 298.092
2563 298.092
2564 298.092
2565 298.092
2566 298.092
2567 298.092
2568 298.092
2569 298.092
2570 298.092
2571 298.092
2572 298.092
2573 298.092
2574 298.092
2575 298.092
2576 298.092
2577 298.092
2578 298.092
2579 298.092
2580 298.092
2581 298.092
2582 298.092
2583 298.092
2584 298.092
2585 298.092
2586 298.092
2587 298.092
2588 298.092
2589 298.092
2590 298.092
2591 298.092
2592 298.092
2593 298.092
2594 298.092
2595 298.092
2596 298.092
2597 298.092
2598 298.092
2599 298.092
2600 298.092
2601 298.092
2602 298.092
2603 298.092
2604 298.092
2605 298.092
2606 298.092
2607 298.092
2608 298.092
2609 298.092
2610 298.092
2611 298.092
2612 298.092
2613 298.092
2614 298.092
2615 298.092
2616 298.092
2617 298.092
2618 298.092
2619 298.092
2620 298.092
2621 298.092
2622 298.092
2623 298.092
2624 298.092
2625 298.092
2626 298.092
2627 298.092
2628 298.092
2629 298.092
2630 298.092
2631 298.092
2632 298.092
2633 298.092
2634 298.092
2635 298.092
2636 298.092
2637 298.092
2638 298.092
2639 298.092
2640 298.092
2641 298.092
2642 298.092
2643 298.092
2644 298.092
2645 298.092
2646 298.092
2647 298.092
2648 298.092
2649 298.092
2650 298.092
2651 298.092
2652 298.092
2653 298.092
2654 298.092
2655 298.092
2656 298.092
2657 298.092
2658 298.092
2659 298.092
2660 298.092
2661 298.092
2662 298.092
2663 298.092
2664 298.092
2665 298.092
2666 298.092
2667 298.092
2668 298.092
2669 298.092
2670 298.092
2671 298.092
2672 298.092
2673 298.092
2674 298.092
2675 298.092
2676 298.092
2677 298.092
2678 298.092
2679 298.092
2680 298.092
2681 298.092
2682 298.092
2683 298.092
2684 298.092
2685 298.092
2686 298.092
2687 298.092
2688 298.092
2689 298.092
2690 298.092
2691 298.092
2692 298.092
2693 298.092
2694 298.092
2695 298.092
2696 298.092
2697 298.092
2698 298.092
2699 298.092
2700 298.092
2701 298.092
2702 298.092
2703 298.092
2704 298.092
2705 298.092
2706 298.092
2707 298.092
2708 298.092
2709 298.092
2710 298.092
2711 298.092
2712 298.092
2713 298.092
2714 298.092
2715 298.092
2716 298.092
2717 298.092
2718 298.092
2719 298.092
2720 298.092
2721 298.092
2722 298.092
2723 298.092
2724 298.092
2725 298.092
2726 298.092
2727 298.092
2728 298.092
2729 298.092
2730 296.089
2731 296.089
2732 296.089
2733 296.089
2734 296.089
2735 296.089
2736 296.089
2737 296.089
2738 296.089
2739 296.089
2740 296.089
2741 296.089
2742 296.089
2743 296.089
2744 296.089
2745 296.089
2746 296.089
2747 296.089
2748 296.089
2749 296.089
2750 296.089
2751 295.834
2752 295.834
2753 295.834
2754 295.834
2755 295.834
2756 295.834
2757 295.834
2758 295.834
2759 295.834
2760 295.834
2761 295.834
2762 295.834
2763 295.834
2764 295.834
2765 295.834
2766 295.834
2767 295.834
2768 295.834
2769 295.834
2770 295.834
2771 295.834
2772 295.834
2773 295.834
2774 295.834
2775 295.834
2776 295.834
2777 295.834
2778 295.834
2779 295.834
2780 295.834
2781 295.834
2782 295.834
2783 295.834
2784 295.834
2785 295.834
2786 295.834
2787 295.834
2788 295.834
2789 295.834
2790 295.834
2791 295.834
2792 295.834
2793 295.834
2794 295.834
2795 295.834
2796 295.834
2797 295.834
2798 295.834
2799 295.834
2800 295.834
2801 295.834
2802 295.834
2803 295.834
2804 295.834
2805 295.834
2806 295.834
2807 295.834
2808 295.834
2809 295.834
2810 295.834
2811 295.834
2812 295.834
2813 295.834
2814 295.834
2815 295.834
2816 295.834
2817 295.834
2818 295.834
2819 295.834
2820 295.834
2821 295.834
2822 295.834
2823 295.834
2824 295.834
2825 295.834
2826 295.834
2827 295.834
2828 295.834
2829 295.834
2830 295.834
2831 295.834
2832 295.834
2833 295.834
2834 295.834
2835 295.834
2836 295.834
2837 295.834
2838 295.834
2839 295.834
2840 295.834
2841 295.834
2842 295.834
2843 295.834
2844 295.834
2845 295.834
2846 295.834
2847 295.834
2848 295.834
2849 295.834
2850 295.834
2851 295.834
2852 295.834
2853 295.834
2854 295.834
2855 295.834
2856 295.834
2857 295.834
2858 295.834
2859 295.834
2860 295.834
2861 295.834
2862 295.834
2863 295.834
2864 295.834
2865 295.834
2866 295.834
2867 295.834
2868 295.834
2869 295.834
2870 295.834
2871 295.834
2872 295.834
2873 295.834
2874 295.834
2875 295.834
2876 295.834
2877 295.834
2878 295.834
2879 295.834
2880 295.834
2881 295.834
2882 295.834
2883 295.834
2884 295.834
2885 295.834
2886 295.834
2887 295.834
2888 295.834
2889 295.834
2890 295.834
2891 295.834
2892 295.834
2893 295.834
2894 295.834
2895 295.834
2896 295.834
2897 295.834
2898 295.834
2899 295.834
2900 295.834
2901 295.834
2902 295.834
2903 295.834
2904 295.834
2905 295.834
2906 295.834
2907 295.834
2908 295.834
2909 295.834
2910 295.659
2911 294.837
2912 294.837
2913 294.837
2914 294.837
2915 294.837
2916 294.837
2917 294.837
2918 294.837
2919 294.837
2920 294.837
2921 294.837
2922 294.837
2923 294.837
2924 294.837
2925 294.837
2926 294.837
2927 294.837
2928 294.837
2929 294.837
2930 294.837
2931 294.837
2932 294.837
2933 294.837
2934 294.837
2935 294.837
2936 294.837
2937 294.837
2938 294.837
2939 294.837
2940 294.837
2941 294.837
2942 294.837
2943 294.837
2944 294.837
2945 294.837
2946 294.837
2947 294.837
2948 294.837
2949 294.837
2950 294.837
2951 294.837
2952 294.837
2953 294.837
2954 294.837
2955 294.837
2956 294.837
2957 294.837
2958 294.837
2959 294.837
2960 294.837
2961 294.837
2962 294.837
2963 294.837
2964 294.837
2965 294.837
2966 294.837
2967 294.837
2968 294.837
2969 294.837
2970 294.837
2971 294.837
2972 294.837
2973 294.837
2974 294.837
2975 294.837
2976 294.837
2977 294.837
2978 294.837
2979 294.837
2980 294.837
2981 294.837
2982 294.837
2983 294.837
2984 294.837
2985 294.837
2986 294.837
2987 294.837
2988 294.837
2989 294.837
2990 294.837
2991 294.837
2992 294.837
2993 294.837
2994 294.837
2995 294.837
2996 294.837
2997 294.837
2998 294.837
2999 294.837
3000 294.837
