2 747.912
3 697.274
4 654.512
5 588.694
6 565.041
7 558.337
8 538.666
9 537.926
10 508.895
11 477.541
12 477.541
13 473.349
14 465.955
15 460.452
16 460.452
17 456.711
18 455.441
19 450.17
20 436.527
21 436.527
22 436.527
23 436.527
24 434.156
25 432.66
26 425.741
27 424.939
28 424.939
29 422.529
30 421.562
31 421.562
32 411.765
33 409.86
34 409.86
35 409.86
36 409.86
37 409.86
38 409.86
39 407.771
40 398.911
41 398.626
42 398.626
43 398.626
44 398.626
45 398.626
46 398.626
47 398.626
48 398.626
49 398.626
50 390.889
51 390.889
52 390.889
53 390.889
54 390.889
55 390.889
56 388.637
57 388.637
58 388.637
59 384.888
60 384.888
61 378.633
62 376.95
63 376.95
64 375.547
65 375.547
66 373.317
67 373.317
68 373.317
69 373.317
70 373.317
71 373.317
72 373.317
73 373.317
74 373.317
75 370.114
76 358.986
77 347.56
78 340.585
79 339.277
80 339.277
81 339.277
82 339.277
83 334.368
84 330.958
85 330.958
86 329.978
87 327.745
88 327.01
89 326.036
90 324.783
91 321.439
92 321.439
93 321.439
94 319.954
95 319.729
96 319.729
97 319.729
98 319.729
99 319.729
100 319.729
101 319.729
102 319.729
103 319.729
104 319.729
105 319.729
106 319.729
107 319.729
108 319.729
109 319.729
110 319.729
111 319.729
112 319.729
113 319.729
114 319.729
115 319.729
116 319.729
117 319.729
118 319.729
119 319.729
120 319.729
121 319.729
122 318.318
123 318.318
124 318.318
125 318.318
126 318.318
127 318.318
128 318.318
129 318.318
130 318.318
131 318.318
132 318.318
133 318.318
134 318.318
135 318.318
136 318.318
137 318.318
138 318.318
139 318.318
140 318.318
141 318.318
142 318.318
143 318.318
144 318.318
145 318.318
146 318.318
147 318.318
148 318.318
149 318.318
150 318.318
151 318.318
152 318.318
153 313.266
154 313.266
155 313.266
156 313.266
157 313.266
158 313.266
159 313.266
160 313.266
161 313.266
162 313.266
163 313.266
164 313.266
165 313.266
166 313.266
167 313.266
168 313.266
169 313.266
170 313.266
171 313.266
172 313.266
173 313.266
174 313.266
175 313.266
176 313.266
177 313.266
178 313.266
179 313.266
180 313.266
181 313.266
182 313.266
183 313.266
184 313.266
185 313.266
186 313.266
187 313.266
188 313.266
189 313.266
190 313.266
191 313.266
192 313.266
193 313.266
194 313.266
195 313.266
196 313.266
197 313.266
198 313.266
199 313.266
200 313.266
201 313.266
202 313.266
203 313.266
204 313.266
205 313.266
206 313.266
207 313.266
208 313.266
209 313.266
210 313.266
211 313.266
212 313.266
213 313.266
214 313.266
215 313.266
216 313.266
217 313.266
218 313.266
219 313.266
220 313.266
221 313.266
222 313.266
223 313.266
224 313.266
225 313.266
226 313.266
227 313.266
228 313.266
229 313.266
230 313.266
231 313.266
232 313.266
233 313.266
234 313.266
235 313.266
236 313.266
237 313.266
238 313.266
239 313.266
240 313.266
241 313.266
242 313.266
243 313.266
244 313.266
245 313.266
246 313.266
247 313.266
248 313.266
249 313.266
250 313.266
251 313.266
252 313.266
253 313.266
254 313.266
255 313.266
256 313.266
257 313.266
258 313.266
259 313.266
260 313.266
261 313.266
262 313.266
263 313.266
264 313.266
265 313.266
266 313.266
267 313.266
268 313.266
269 313.266
270 313.266
271 313.037
272 313.037
273 313.037
274 313.037
275 313.037
276 313.037
277 313.037
278 313.037
279 313.037
280 313.037
281 313.037
282 313.037
283 313.037
284 313.037
285 313.037
286 313.037
287 313.037
288 313.037
289 313.037
290 313.037
291 313.037
292 313.037
293 313.037
294 313.037
295 313.037
296 313.037
297 313.037
298 313.037
299 313.037
300 313.037
301 313.037
302 310.542
303 310.542
304 310.542
305 310.542
306 310.542
307 310.542
308 310.542
309 310.542
310 310.542
311 310.542
312 310.542
313 310.542
314 310.542
315 310.542
316 310.542
317 310.542
318 310.542
319 310.542
320 310.542
321 310.542
322 310.542
323 310.542
324 310.542
325 310.542
326 310.542
327 310.542
328 310.542
329 310.542
330 310.542
331 310.542
332 310.542
333 310.542
334 310.542
335 310.542
336 310.542
337 310.542
338 310.542
339 310.542
340 310.542
341 310.542
342 310.542
343 310.542
344 310.542
345 310.542
346 310.542
347 310.542
348 310.542
349 310.542
350 310.542
351 310.542
352 310.542
353 310.542
354 310.542
355 310.542
356 310.542
357 310.542
358 310.542
359 310.542
360 310.542
361 310.542
362 310.542
363 310.288
364 310.288
365 310.288
366 310.288
367 310.288
368 310.288
369 310.288
370 310.185
371 310.185
372 310.185
373 310.185
374 310.185
375 310.185
376 310.185
377 310.185
378 310.185
379 310.185
380 310.185
381 310.185
382 310.185
383 310.185
384 310.185
385 310.185
386 310.185
387 309.856
388 309.856
389 309.856
390 309.856
391 307.345
392 307.345
393 307.345
394 307.345
395 307.345
396 307.345
397 307.345
398 307.345
399 307.345
400 307.345
401 307.345
402 307.345
403 307.345
404 307.345
405 307.345
406 307.345
407 307.345
408 307.345
409 307.345
410 307.345
411 307.345
412 307.345
413 307.345
414 307.345
415 307.345
416 307.345
417 307.345
418 307.345
419 307.345
420 307.345
421 307.345
422 307.345
423 307.345
424 307.345
425 307.345
426 307.345
427 307.345
428 307.345
429 307.345
430 307.345
431 307.345
432 307.345
433 307.345
434 307.345
435 307.345
436 307.345
437 307.345
438 307.345
439 307.345
440 307.345
441 307.345
442 307.345
443 307.345
444 307.345
445 307.345
446 307.345
447 307.345
448 307.345
449 307.345
450 307.345
451 307.345
452 307.345
453 307.345
454 307.345
455 307.345
456 307.345
457 307.345
458 307.345
459 307.345
460 307.345
461 307.345
462 307.345
463 307.345
464 307.345
465 307.345
466 307.345
467 307.345
468 307.345
469 307.345
470 307.345
471 307.345
472 307.345
473 307.345
474 307.345
475 307.345
476 307.345
477 307.345
478 307.345
479 307.345
480 307.345
481 307.345
482 307.055
483 306.625
484 306.625
485 306.625
486 306.625
487 306.625
488 306.625
489 306.625
490 306.625
491 306.625
492 306.625
493 306.625
494 306.625
495 306.625
496 306.625
497 306.625
498 306.625
499 306.625
500 306.625
501 306.625
502 306.625
503 306.625
504 306.315
505 306.315
506 305.302
507 303.954
508 303.954
509 303.954
510 303.954
511 303.954
512 303.954
513 303.954
514 303.954
515 303.954
516 303.954
517 303.954
518 303.954
519 303.954
520 303.954
521 303.954
522 303.954
523 303.954
524 303.954
525 303.954
526 303.954
527 303.954
528 303.954
529 303.954
530 303.954
531 303.954
532 303.954
533 303.954
534 303.954
535 303.954
536 303.954
537 303.954
538 303.954
539 303.954
540 303.954
541 302.72
542 302.72
543 302.72
544 302.599
545 301.986
546 301.986
547 301.986
548 301.986
549 301.986
550 301.986
551 301.986
552 301.986
553 301.986
554 301.986
555 301.986
556 301.986
557 301.986
558 301.986
559 301.986
560 301.986
561 301.986
562 301.986
563 301.986
564 301.986
565 301.986
566 301.986
567 301.986
568 301.986
569 301.986
570 301.986
571 301.986
572 300.813
573 300.813
574 300.813
575 300.813
576 300.813
577 300.813
578 300.813
579 300.813
580 300.813
581 300.813
582 300.813
583 300.813
584 300.813
585 300.813
586 300.813
587 300.813
588 300.813
589 300.813
590 300.813
591 300.813
592 300.813
593 300.813
594 300.813
595 300.813
596 300.813
597 300.813
598 300.813
599 300.813
600 300.813
601 298.491
602 298.491
603 298.491
604 298.491
605 298.491
606 298.491
607 298.491
608 298.491
609 298.491
610 298.491
611 298.491
612 298.491
613 298.491
614 298.491
615 298.491
616 298.491
617 298.491
618 298.491
619 298.491
620 298.491
621 298.491
622 298.491
623 298.491
624 298.491
625 298.491
626 298.491
627 298.491
628 298.491
629 298.491
630 298.491
631 298.491
632 298.491
633 298.491
634 298.491
635 298.491
636 298.491
637 298.491
638 298.491
639 298.491
640 298.491
641 298.491
642 298.491
643 298.491
644 298.491
645 298.491
646 298.491
647 298.491
648 298.491
649 298.491
650 298.491
651 298.491
652 298.491
653 298.491
654 298.491
655 298.491
656 298.491
657 298.491
658 298.491
659 298.491
660 298.491
661 298.491
662 298.491
663 298.491
664 298.491
665 298.491
666 298.491
667 298.491
668 298.491
669 298.491
670 298.491
671 298.491
672 298.491
673 298.491
674 298.491
675 298.491
676 298.491
677 298.491
678 298.491
679 298.491
680 298.491
681 298.491
682 298.491
683 298.491
684 298.491
685 298.491
686 298.491
687 298.491
688 298.491
689 298.491
690 298.491
691 297.997
692 297.257
693 295.962
694 295.962
695 295.962
696 295.962
697 295.962
698 295.962
699 295.962
700 295.962
701 295.962
702 295.962
703 295.962
704 295.962
705 295.596
706 295.596
707 295.596
708 295.596
709 295.596
710 295.596
711 295.596
712 295.596
713 295.596
714 295.596
715 295.596
716 295.596
717 295.596
718 295.596
719 295.596
720 295.596
721 295.596
722 295.596
723 295.596
724 295.596
725 295.596
726 295.596
727 295.596
728 295.596
729 295.596
730 295.596
731 295.596
732 295.596
733 295.596
734 295.596
735 295.596
736 295.596
737 295.596
738 295.596
739 295.596
740 295.596
741 295.596
742 295.596
743 295.596
744 295.596
745 295.596
746 295.596
747 295.596
748 295.596
749 295.596
750 295.596
751 295.596
752 295.596
753 295.596
754 295.596
755 295.596
756 295.596
757 295.596
758 295.596
759 295.596
760 295.596
761 295.596
762 295.596
763 295.596
764 295.596
765 295.596
766 295.596
767 295.596
768 295.596
769 295.596
770 295.596
771 295.596
772 295.596
773 295.596
774 295.596
775 295.596
776 295.596
777 295.596
778 295.596
779 295.596
780 295.596
781 295.596
782 295.596
783 295.18
784 295.18
785 295.18
786 293.16
787 293.16
788 293.16
789 293.16
790 293.16
791 293.16
792 293.16
793 293.16
794 293.16
795 293.16
796 293.16
797 293.16
798 293.16
799 293.16
800 293.16
801 293.16
802 293.16
803 293.16
804 293.16
805 293.16
806 293.16
807 293.16
808 293.16
809 293.16
810 293.16
811 293.16
812 293.16
813 293.16
814 293.16
815 293.16
816 293.16
817 293.16
818 293.16
819 293.16
820 293.16
821 293.16
822 293.16
823 293.16
824 293.16
825 293.16
826 293.16
827 293.16
828 293.16
829 293.16
830 293.16
831 293.16
832 293.16
833 293.16
834 293.16
835 293.16
836 293.16
837 293.16
838 293.16
839 293.16
840 293.16
841 293.16
842 293.16
843 293.16
844 293.16
845 293.16
846 293.16
847 293.16
848 293.16
849 293.16
850 293.16
851 293.16
852 293.16
853 293.16
854 293.16
855 293.16
856 293.16
857 293.16
858 293.16
859 293.16
860 293.16
861 293.16
862 293.16
863 293.16
864 293.16
865 293.16
866 293.16
867 293.16
868 293.16
869 293.16
870 293.16
871 293.16
872 293.16
873 293.16
874 293.16
875 293.16
876 293.16
877 293.16
878 293.16
879 293.16
880 293.16
881 293.16
882 293.16
883 293.16
884 293.16
885 293.16
886 293.16
887 293.16
888 293.16
889 293.16
890 293.16
891 293.16
892 293.16
893 293.16
894 293.16
895 293.16
896 293.16
897 293.16
898 293.16
899 293.16
900 293.16
901 293.16
902 293.16
903 293.16
904 293.16
905 293.16
906 293.16
907 293.16
908 293.16
909 293.16
910 293.16
911 293.16
912 293.16
913 293.16
914 293.16
915 293.16
916 293.16
917 293.16
918 293.16
919 293.16
920 293.16
921 293.16
922 293.16
923 293.16
924 293.16
925 293.16
926 293.16
927 293.16
928 293.16
929 293.16
930 293.16
931 293.16
932 293.16
933 291.554
934 291.554
935 291.554
936 291.554
937 291.554
938 291.554
939 291.554
940 291.554
941 291.554
942 291.554
943 291.554
944 291.554
945 291.554
946 291.554
947 291.554
948 291.554
949 291.554
950 291.554
951 291.554
952 291.554
953 291.554
954 291.554
955 291.554
956 291.554
957 291.554
958 291.554
959 291.554
960 291.554
961 291.554
962 291.554
963 291.554
964 291.554
965 291.554
966 291.554
967 291.554
968 291.554
969 291.554
970 291.554
971 291.554
972 291.554
973 291.554
974 291.554
975 291.554
976 291.554
977 291.554
978 291.554
979 291.554
980 291.554
981 291.554
982 291.554
983 291.554
984 291.554
985 291.554
986 291.554
987 291.554
988 291.554
989 291.554
990 291.554
991 291.554
992 291.554
993 291.554
994 291.554
995 291.554
996 291.554
997 291.554
998 291.554
999 291.554
1000 291.554
1001 291.554
1002 291.554
1003 291.554
1004 291.554
1005 291.554
1006 291.554
1007 291.554
1008 291.554
1009 291.554
1010 291.554
1011 291.554
1012 291.554
1013 291.554
1014 291.554
1015 291.554
1016 291.554
1017 291.554
1018 291.554
1019 291.554
1020 291.554
1021 291.554
1022 291.554
1023 291.554
1024 291.554
1025 291.554
1026 291.554
1027 291.554
1028 291.554
1029 291.554
1030 291.554
1031 291.554
1032 291.554
1033 291.554
1034 291.554
1035 291.554
1036 291.554
1037 291.554
1038 291.554
1039 291.554
1040 291.554
1041 291.554
1042 291.554
1043 291.554
1044 291.554
1045 291.554
1046 291.554
1047 291.554
1048 291.554
1049 291.554
1050 291.554
1051 291.554
1052 291.554
1053 291.554
1054 291.554
1055 291.554
1056 291.554
1057 291.554
1058 291.554
1059 291.554
1060 291.554
1061 291.554
1062 291.554
1063 291.554
1064 291.554
1065 291.554
1066 291.554
1067 291.554
1068 291.554
1069 291.554
1070 291.554
1071 291.554
1072 291.554
1073 291.554
1074 291.554
1075 291.554
1076 291.554
1077 291.554
1078 291.554
1079 291.554
1080 291.554
1081 291.554
1082 291.554
1083 291.554
1084 291.554
1085 291.554
1086 291.554
1087 291.554
1088 291.554
1089 291.554
1090 291.554
1091 291.554
1092 291.554
1093 291.554
1094 291.554
1095 291.554
1096 291.554
1097 291.554
1098 291.554
1099 291.554
1100 291.554
1101 291.554
1102 291.554
1103 291.554
1104 291.554
1105 291.554
1106 291.554
1107 291.554
1108 291.554
1109 291.554
1110 291.554
1111 291.554
1112 291.554
1113 291.554
1114 291.554
1115 291.554
1116 291.554
1117 291.554
1118 291.554
1119 291.554
1120 291.554
1121 291.554
1122 291.554
1123 291.554
1124 291.554
1125 291.554
1126 291.554
1127 291.554
1128 291.554
1129 291.554
1130 291.554
1131 291.554
1132 291.554
1133 291.554
1134 291.554
1135 291.554
1136 291.554
1137 291.554
1138 291.554
1139 291.554
1140 291.554
1141 291.554
1142 291.554
1143 291.554
1144 291.554
1145 291.554
1146 291.554
1147 291.554
1148 291.554
1149 291.554
1150 291.554
1151 291.554
1152 291.554
1153 291.554
1154 291.554
1155 291.554
1156 291.554
1157 291.554
1158 291.554
1159 291.554
1160 291.554
1161 291.554
1162 291.554
1163 291.554
1164 291.554
1165 291.554
1166 291.554
1167 291.554
1168 291.554
1169 291.554
1170 291.554
1171 291.554
1172 291.554
1173 289.694
1174 289.694
1175 289.694
1176 289.694
1177 289.694
1178 289.694
1179 289.694
1180 289.694
1181 289.694
1182 289.694
1183 289.694
1184 289.694
1185 289.694
1186 289.694
1187 289.694
1188 289.694
1189 289.694
1190 289.694
1191 289.694
1192 289.694
1193 289.694
1194 289.694
1195 289.694
1196 289.694
1197 289.694
1198 289.694
1199 289.694
1200 289.694
1201 289.694
1202 289.694
1203 289.694
1204 289.694
1205 289.694
1206 289.694
1207 289.694
1208 289.694
1209 289.694
1210 289.694
1211 289.694
1212 289.694
1213 289.694
1214 289.694
1215 289.694
1216 289.694
1217 289.694
1218 289.694
1219 289.694
1220 289.694
1221 289.694
1222 289.694
1223 289.694
1224 289.694
1225 289.694
1226 289.694
1227 289.694
1228 289.694
1229 289.694
1230 289.694
1231 289.694
1232 289.694
1233 289.694
1234 289.694
1235 289.694
1236 289.694
1237 289.694
1238 289.694
1239 289.694
1240 289.694
1241 289.694
1242 289.694
1243 289.694
1244 289.694
1245 289.694
1246 289.694
1247 289.694
1248 289.694
1249 289.694
1250 289.694
1251 289.694
1252 289.694
1253 289.694
1254 289.694
1255 289.694
1256 289.694
1257 289.694
1258 289.694
1259 289.694
1260 289.694
1261 289.694
1262 289.694
1263 289.694
1264 289.694
1265 289.694
1266 289.694
1267 289.694
1268 289.694
1269 289.694
1270 289.694
1271 289.694
1272 289.694
1273 289.694
1274 289.694
1275 289.694
1276 289.694
1277 289.694
1278 289.694
1279 289.694
1280 289.694
1281 289.694
1282 289.694
1283 289.694
1284 289.694
1285 289.694
1286 289.694
1287 289.694
1288 289.694
1289 289.694
1290 289.694
1291 289.694
1292 288.606
1293 288.606
1294 288.606
1295 288.606
1296 288.606
1297 288.606
1298 288.606
1299 288.606
1300 288.606
1301 288.606
1302 288.606
1303 288.606
1304 288.606
1305 288.606
1306 288.606
1307 288.606
1308 288.606
1309 288.606
1310 288.606
1311 288.606
1312 288.606
1313 288.606
1314 288.606
1315 288.606
1316 288.606
1317 288.606
1318 288.606
1319 288.606
1320 288.606
1321 288.606
1322 288.606
1323 288.606
1324 288.606
1325 288.606
1326 288.606
1327 288.606
1328 288.606
1329 288.606
1330 288.606
1331 288.606
1332 288.606
1333 288.606
1334 288.606
1335 288.606
1336 288.606
1337 288.606
1338 288.606
1339 288.606
1340 288.606
1341 288.606
1342 288.606
1343 288.606
1344 288.606
1345 288.606
1346 288.606
1347 288.606
1348 288.606
1349 288.606
1350 288.606
1351 288.606
1352 288.606
1353 288.606
1354 288.606
1355 288.606
1356 288.606
1357 288.606
1358 288.606
1359 288.606
1360 288.606
1361 288.606
1362 288.606
1363 288.606
1364 288.606
1365 288.606
1366 288.606
1367 288.606
1368 288.606
1369 288.606
1370 288.606
1371 288.606
1372 288.606
1373 288.606
1374 288.606
1375 288.606
1376 288.606
1377 288.606
1378 288.606
1379 288.606
1380 288.606
1381 288.606
1382 288.606
1383 288.606
1384 288.606
1385 288.606
1386 288.606
1387 288.606
1388 288.606
1389 288.606
1390 288.606
1391 288.606
1392 288.606
1393 288.606
1394 288.606
1395 288.606
1396 288.606
1397 288.606
1398 288.606
1399 288.606
1400 288.606
1401 288.606
1402 288.606
1403 288.606
1404 288.606
1405 288.606
1406 288.606
1407 288.606
1408 288.606
1409 288.606
1410 288.606
1411 288.606
1412 288.606
1413 288.606
1414 288.606
1415 288.606
1416 288.606
1417 288.606
1418 288.606
1419 288.606
1420 288.606
1421 288.606
1422 288.606
1423 288.606
1424 288.606
1425 288.606
1426 288.606
1427 288.606
1428 288.606
1429 288.606
1430 288.606
1431 288.606
1432 288.606
1433 288.606
1434 288.606
1435 288.606
1436 288.606
1437 288.606
1438 288.606
1439 288.606
1440 288.606
1441 288.606
1442 288.606
1443 288.606
1444 288.561
1445 288.561
1446 288.561
1447 288.561
1448 288.561
1449 288.561
1450 288.561
1451 288.561
1452 288.561
1453 288.561
1454 288.561
1455 288.561
1456 288.561
1457 288.561
1458 288.561
1459 288.561
1460 288.561
1461 288.561
1462 288.561
1463 288.561
1464 288.561
1465 288.561
1466 288.561
1467 288.561
1468 288.561
1469 288.561
1470 288.561
1471 288.561
1472 288.561
1473 288.561
1474 288.561
1475 288.561
1476 288.561
1477 288.561
1478 288.561
1479 288.561
1480 288.561
1481 288.561
1482 288.561
1483 288.561
1484 288.561
1485 288.561
1486 288.561
1487 288.561
1488 288.561
1489 288.561
1490 288.561
1491 288.561
1492 288.561
1493 288.561
1494 288.561
1495 288.561
1496 288.561
1497 288.561
1498 288.561
1499 288.561
1500 288.561
1501 288.561
1502 288.561
1503 288.561
1504 288.561
1505 288.561
1506 288.561
1507 288.561
1508 288.561
1509 288.561
1510 288.561
1511 288.561
1512 288.561
1513 288.561
1514 288.561
1515 288.561
1516 288.561
1517 288.561
1518 288.561
1519 288.561
1520 288.561
1521 288.561
1522 288.561
1523 288.561
1524 288.561
1525 288.561
1526 288.561
1527 288.561
1528 288.561
1529 288.561
1530 288.561
1531 288.561
1532 288.561
1533 288.561
1534 288.561
1535 288.561
1536 288.561
1537 288.561
1538 288.561
1539 288.561
1540 288.561
1541 288.561
1542 288.561
1543 288.561
1544 288.561
1545 288.561
1546 288.561
1547 288.561
1548 288.561
1549 288.561
1550 288.561
1551 288.561
1552 288.561
1553 288.561
1554 288.561
1555 288.561
1556 288.561
1557 288.561
1558 288.561
1559 288.561
1560 288.561
1561 288.561
1562 288.561
1563 288.561
1564 288.561
1565 288.561
1566 288.561
1567 288.561
1568 288.561
1569 288.561
1570 288.561
1571 288.561
1572 288.561
1573 288.561
1574 288.561
1575 288.561
1576 288.561
1577 288.561
1578 288.561
1579 288.561
1580 288.561
1581 288.561
1582 288.561
1583 288.561
1584 288.561
1585 288.561
1586 288.561
1587 288.561
1588 288.561
1589 288.561
1590 288.561
1591 288.561
1592 288.561
1593 288.561
1594 288.561
1595 288.561
1596 288.154
1597 288.154
1598 288.154
1599 288.154
1600 288.154
1601 288.154
1602 288.154
1603 288.154
1604 288.154
1605 288.154
1606 288.154
1607 288.154
1608 288.154
1609 288.154
1610 288.154
1611 288.154
1612 288.154
1613 288.154
1614 288.154
1615 288.154
1616 288.154
1617 288.154
1618 288.154
1619 288.154
1620 288.154
1621 288.154
1622 288.154
1623 288.154
1624 288.154
1625 288.154
1626 288.154
1627 288.154
1628 288.154
1629 288.154
1630 288.154
1631 288.154
1632 288.154
1633 288.154
1634 288.154
1635 288.154
1636 288.154
1637 288.154
1638 288.154
1639 288.154
1640 288.154
1641 288.154
1642 288.154
1643 288.154
1644 288.154
1645 288.154
1646 288.154
1647 288.154
1648 288.154
1649 288.154
1650 288.154
1651 288.154
1652 288.154
1653 288.154
1654 288.154
1655 288.154
1656 288.154
1657 288.154
1658 288.154
1659 288.154
1660 288.154
1661 288.154
1662 288.154
1663 288.154
1664 288.154
1665 288.154
1666 288.154
1667 288.154
1668 288.154
1669 288.154
1670 288.154
1671 288.154
1672 288.154
1673 288.154
1674 288.154
1675 288.154
1676 288.154
1677 288.154
1678 288.154
1679 288.154
1680 288.154
1681 288.154
1682 288.154
1683 288.154
1684 288.154
1685 288.154
1686 288.154
1687 288.154
1688 288.154
1689 288.154
1690 288.154
1691 288.154
1692 288.154
1693 288.154
1694 288.154
1695 288.154
1696 288.154
1697 288.154
1698 288.154
1699 288.154
1700 288.154
1701 288.154
1702 288.154
1703 288.154
1704 288.154
1705 288.154
1706 288.154
1707 288.154
1708 288.154
1709 288.154
1710 288.154
1711 288.154
1712 288.154
1713 288.154
1714 288.154
1715 288.154
1716 288.154
1717 288.154
1718 288.154
1719 288.154
1720 288.154
1721 288.154
1722 288.154
1723 288.154
1724 288.154
1725 288.154
1726 288.154
1727 288.154
1728 288.154
1729 288.154
1730 288.154
1731 288.154
1732 288.154
1733 288.154
1734 288.154
1735 288.154
1736 288.154
1737 288.154
1738 288.154
1739 288.154
1740 288.154
1741 288.154
1742 288.154
1743 288.154
1744 288.154
1745 288.154
1746 288.154
1747 288.154
1748 288.154
1749 288.154
1750 288.154
1751 288.154
1752 288.154
1753 288.154
1754 288.154
1755 288.154
1756 288.154
1757 288.154
1758 288.154
1759 288.154
1760 288.154
1761 288.154
1762 288.154
1763 288.154
1764 288.154
1765 288.154
1766 288.154
1767 288.154
1768 288.154
1769 288.154
1770 288.154
1771 288.154
1772 288.154
1773 288.154
1774 288.154
1775 288.154
1776 288.154
1777 288.154
1778 288.154
1779 288.154
1780 288.154
1781 288.154
1782 288.154
1783 288.154
1784 288.154
1785 288.154
1786 288.154
1787 288.154
1788 288.154
1789 288.154
1790 288.154
1791 288.154
1792 288.154
1793 288.154
1794 288.154
1795 288.154
1796 288.154
1797 288.154
1798 288.154
1799 288.154
1800 288.154
1801 288.154
1802 288.154
1803 288.154
1804 288.154
1805 288.154
1806 288.154
1807 288.154
1808 288.154
1809 288.154
1810 288.154
1811 288.154
1812 288.154
1813 288.154
1814 288.154
1815 288.154
1816 288.154
1817 288.154
1818 288.154
1819 288.154
1820 288.154
1821 288.154
1822 288.154
1823 288.154
1824 288.154
1825 288.154
1826 288.154
1827 288.154
1828 288.154
1829 288.154
1830 288.154
1831 288.154
1832 288.154
1833 288.154
1834 288.154
1835 288.154
1836 288.154
1837 288.154
1838 288.154
1839 288.154
1840 288.154
1841 288.154
1842 288.154
1843 288.154
1844 288.154
1845 288.154
1846 288.154
1847 288.154
1848 288.154
1849 288.154
1850 288.154
1851 288.154
1852 288.154
1853 288.154
1854 288.154
1855 288.154
1856 288.154
1857 288.154
1858 288.154
1859 288.154
1860 288.154
1861 288.154
1862 288.154
1863 288.154
1864 288.154
1865 288.154
1866 288.154
1867 288.154
1868 288.154
1869 288.154
1870 288.154
1871 288.154
1872 288.154
1873 288.154
1874 288.154
1875 288.154
1876 288.154
1877 288.154
1878 288.154
1879 288.154
1880 288.154
1881 288.154
1882 288.154
1883 288.154
1884 288.154
1885 288.154
1886 288.154
1887 288.154
1888 288.154
1889 288.154
1890 288.154
1891 288.154
1892 288.154
1893 288.154
1894 288.154
1895 288.154
1896 288.154
1897 288.154
1898 288.154
1899 288.154
1900 288.154
1901 288.154
1902 288.154
1903 288.154
1904 288.154
1905 288.154
1906 288.154
1907 288.154
1908 288.154
1909 288.154
1910 288.154
1911 288.154
1912 288.154
1913 288.154
1914 288.154
1915 288.154
1916 288.154
1917 288.154
1918 288.154
1919 288.154
1920 288.154
1921 288.154
1922 288.154
1923 288.154
1924 288.154
1925 288.154
1926 288.154
1927 288.154
1928 288.154
1929 288.154
1930 288.154
1931 288.154
1932 288.154
1933 288.154
1934 288.154
1935 288.154
1936 288.154
1937 288.154
1938 288.154
1939 288.154
1940 288.154
1941 288.154
1942 288.154
1943 288.154
1944 288.154
1945 288.154
1946 288.154
1947 288.154
1948 288.154
1949 288.154
1950 288.154
1951 288.154
1952 288.154
1953 288.154
1954 288.154
1955 288.154
1956 288.154
1957 288.154
1958 288.154
1959 288.154
1960 288.154
1961 288.154
1962 288.154
1963 288.154
1964 288.154
1965 288.154
1966 288.154
1967 288.154
1968 288.154
1969 288.154
1970 288.154
1971 288.154
1972 288.154
1973 288.154
1974 288.154
1975 288.154
1976 288.154
1977 288.154
1978 288.154
1979 288.154
1980 288.154
1981 288.154
1982 288.154
1983 288.154
1984 288.154
1985 288.154
1986 288.154
1987 288.154
1988 288.154
1989 288.154
1990 288.154
1991 288.154
1992 288.154
1993 288.154
1994 288.154
1995 288.154
1996 288.154
1997 288.154
1998 288.154
1999 288.154
2000 288.154
2001 288.154
2002 288.154
2003 288.154
2004 288.154
2005 288.154
2006 288.154
2007 288.154
2008 288.154
2009 288.154
2010 288.154
2011 288.154
2012 288.154
2013 288.154
2014 288.154
2015 288.154
2016 288.154
2017 288.154
2018 288.154
2019 288.154
2020 288.154
2021 288.154
2022 288.154
2023 288.154
2024 288.154
2025 288.154
2026 288.154
2027 288.154
2028 288.154
2029 288.154
2030 288.154
2031 288.154
2032 288.154
2033 288.154
2034 288.154
2035 288.154
2036 288.154
2037 288.154
2038 288.154
2039 288.154
2040 288.154
2041 288.154
2042 288.154
2043 288.154
2044 288.154
2045 288.154
2046 288.154
2047 288.154
2048 288.154
2049 288.154
2050 288.154
2051 288.154
2052 288.154
2053 288.154
2054 288.154
2055 288.154
2056 288.154
2057 288.154
2058 288.154
2059 288.154
2060 288.154
2061 288.154
2062 288.154
2063 288.154
2064 288.154
2065 288.154
2066 288.154
2067 288.154
2068 288.154
2069 288.154
2070 288.154
2071 288.154
2072 288.154
2073 288.154
2074 288.154
2075 288.154
2076 288.154
2077 288.154
2078 288.154
2079 288.154
2080 288.154
2081 288.154
2082 288.154
2083 288.154
2084 288.154
2085 288.154
2086 288.154
2087 288.154
2088 288.154
2089 288.154
2090 288.154
2091 288.154
2092 288.154
2093 288.154
2094 288.154
2095 288.154
2096 288.154
2097 288.154
2098 288.154
2099 288.154
2100 288.154
2101 288.154
2102 288.154
2103 288.154
2104 288.154
2105 288.154
2106 288.154
2107 288.154
2108 288.154
2109 288.154
2110 288.154
2111 288.154
2112 288.154
2113 288.154
2114 288.154
2115 288.154
2116 288.154
2117 288.154
2118 288.154
2119 288.154
2120 288.154
2121 288.154
2122 288.154
2123 288.154
2124 288.154
2125 288.154
2126 288.154
2127 288.154
2128 288.154
2129 288.154
2130 288.154
2131 288.154
2132 288.154
2133 288.154
2134 288.154
2135 288.154
2136 288.154
2137 288.154
2138 288.154
2139 288.154
2140 288.154
2141 288.154
2142 288.154
2143 288.154
2144 288.154
2145 288.154
2146 288.154
2147 288.154
2148 288.154
2149 288.154
2150 288.154
2151 288.154
2152 288.154
2153 288.154
2154 288.154
2155 288.154
2156 288.154
2157 288.154
2158 288.154
2159 288.154
2160 288.154
2161 288.154
2162 288.154
2163 288.154
2164 288.154
2165 288.154
2166 288.154
2167 288.154
2168 288.154
2169 288.154
2170 288.154
2171 288.154
2172 288.154
2173 288.154
2174 288.154
2175 288.154
2176 288.154
2177 288.154
2178 288.154
2179 288.154
2180 288.154
2181 288.154
2182 288.154
2183 288.154
2184 288.154
2185 288.154
2186 288.154
2187 288.154
2188 288.154
2189 288.154
2190 288.154
2191 288.154
2192 288.154
2193 288.154
2194 288.154
2195 288.154
2196 288.154
2197 288.154
2198 288.154
2199 288.154
2200 288.154
2201 288.154
2202 288.154
2203 288.154
2204 288.154
2205 288.154
2206 288.154
2207 288.154
2208 288.154
2209 288.154
2210 288.154
2211 288.154
2212 288.154
2213 288.154
2214 288.154
2215 288.154
2216 288.154
2217 288.154
2218 288.154
2219 288.154
2220 288.154
2221 288.154
2222 288.154
2223 288.154
2224 288.154
2225 288.154
2226 288.154
2227 288.154
2228 288.154
2229 288.154
2230 288.154
2231 288.154
2232 288.154
2233 288.154
2234 288.154
2235 288.154
2236 288.154
2237 288.154
2238 288.154
2239 288.154
2240 288.154
2241 288.154
2242 288.154
2243 288.154
2244 288.154
2245 288.154
2246 288.154
2247 288.154
2248 288.154
2249 288.154
2250 288.154
2251 288.154
2252 288.154
2253 288.154
2254 288.154
2255 288.154
2256 288.154
2257 288.154
2258 288.154
2259 288.154
2260 288.154
2261 288.154
2262 288.154
2263 288.154
2264 288.154
2265 288.154
2266 288.154
2267 288.154
2268 288.154
2269 288.154
2270 288.154
2271 288.154
2272 288.154
2273 288.154
2274 288.154
2275 288.154
2276 288.154
2277 288.154
2278 288.154
2279 288.154
2280 288.154
2281 288.154
2282 288.154
2283 288.154
2284 288.154
2285 288.154
2286 288.154
2287 288.154
2288 288.154
2289 288.154
2290 288.154
2291 288.154
2292 288.154
2293 288.154
2294 288.154
2295 288.154
2296 288.154
2297 288.154
2298 288.154
2299 288.154
2300 288.154
2301 288.154
2302 288.154
2303 288.154
2304 288.154
2305 288.154
2306 288.154
2307 288.154
2308 288.154
2309 288.154
2310 288.154
2311 288.154
2312 288.154
2313 288.154
2314 288.154
2315 288.154
2316 288.154
2317 288.154
2318 288.154
2319 288.154
2320 288.154
2321 288.154
2322 288.154
2323 288.154
2324 288.154
2325 288.154
2326 288.154
2327 288.154
2328 288.154
2329 288.154
2330 288.154
2331 288.154
2332 288.154
2333 288.154
2334 288.154
2335 288.154
2336 288.154
2337 288.154
2338 288.154
2339 288.154
2340 288.154
2341 288.154
2342 288.154
2343 288.154
2344 288.154
2345 288.154
2346 288.154
2347 288.154
2348 288.154
2349 288.154
2350 288.154
2351 288.154
2352 288.154
2353 288.154
2354 288.154
2355 288.154
2356 288.154
2357 288.154
2358 288.154
2359 288.154
2360 288.154
2361 288.154
2362 288.154
2363 288.154
2364 288.154
2365 288.154
2366 288.154
2367 288.154
2368 288.154
2369 288.154
2370 288.154
2371 288.154
2372 288.154
2373 288.154
2374 288.154
2375 288.154
2376 288.154
2377 288.154
2378 288.154
2379 288.154
2380 288.154
2381 288.154
2382 288.154
2383 288.154
2384 288.154
2385 288.154
2386 288.154
2387 288.154
2388 288.154
2389 288.154
2390 288.154
2391 288.154
2392 288.154
2393 288.154
2394 288.154
2395 288.154
2396 288.154
2397 288.154
2398 288.154
2399 288.154
2400 288.154
2401 288.154
2402 288.154
2403 288.154
2404 288.154
2405 288.154
2406 288.154
2407 288.154
2408 288.154
2409 288.154
2410 288.154
2411 288.154
2412 288.154
2413 288.154
2414 288.154
2415 288.154
2416 288.154
2417 288.154
2418 288.154
2419 288.154
2420 288.154
2421 288.154
2422 288.154
2423 288.154
2424 288.154
2425 288.154
2426 288.154
2427 288.154
2428 288.154
2429 288.154
2430 288.154
2431 288.154
2432 288.154
2433 288.154
2434 288.154
2435 288.154
2436 288.154
2437 288.154
2438 288.154
2439 288.154
2440 288.154
2441 288.154
2442 288.154
2443 288.154
2444 288.154
2445 288.154
2446 288.154
2447 288.154
2448 288.154
2449 288.154
2450 288.154
2451 288.154
2452 288.154
2453 288.154
2454 288.154
2455 288.154
2456 288.154
2457 288.154
2458 288.154
2459 288.154
2460 288.154
2461 288.154
2462 288.154
2463 288.154
2464 288.154
2465 288.154
2466 288.154
2467 288.154
2468 288.154
2469 288.154
2470 288.154
2471 288.154
2472 288.154
2473 288.154
2474 288.154
2475 288.154
2476 288.154
2477 288.154
2478 288.154
2479 288.154
2480 288.154
2481 288.154
2482 288.154
2483 288.154
2484 288.154
2485 288.154
2486 288.154
2487 288.154
2488 288.154
2489 288.154
2490 288.154
2491 288.154
2492 288.154
2493 288.154
2494 288.154
2495 288.154
2496 288.154
2497 288.154
2498 288.154
2499 288.154
2500 288.154
2501 288.154
2502 288.154
2503 288.154
2504 288.154
2505 288.154
2506 288.154
2507 288.154
2508 288.154
2509 288.154
2510 288.154
2511 288.154
2512 288.154
2513 288.154
2514 288.154
2515 288.154
2516 288.154
2517 288.154
2518 288.154
2519 288.154
2520 288.154
2521 288.154
2522 288.154
2523 288.154
2524 288.154
2525 288.154
2526 288.154
2527 288.154
2528 288.154
2529 288.154
2530 288.154
2531 288.154
2532 288.154
2533 288.154
2534 288.154
2535 288.154
2536 288.154
2537 288.154
2538 288.154
2539 288.154
2540 288.154
2541 288.154
2542 288.154
2543 288.154
2544 288.154
2545 288.154
2546 288.154
2547 288.154
2548 288.154
2549 288.154
2550 288.154
2551 288.154
2552 288.154
2553 288.154
2554 288.154
2555 288.154
2556 288.154
2557 288.154
2558 288.154
2559 288.154
2560 288.154
2561 288.154
2562 288.154
2563 288.154
2564 288.154
2565 288.154
2566 288.154
2567 288.154
2568 288.154
2569 288.154
2570 288.154
2571 288.154
2572 288.154
2573 288.154
2574 288.154
2575 288.154
2576 288.154
2577 288.154
2578 288.154
2579 288.154
2580 288.154
2581 288.154
2582 288.154
2583 288.154
2584 288.154
2585 288.154
2586 288.154
2587 288.154
2588 288.154
2589 288.154
2590 288.154
2591 288.154
2592 288.154
2593 288.154
2594 288.154
2595 288.154
2596 288.154
2597 288.154
2598 288.154
2599 288.154
2600 288.154
2601 288.154
2602 288.154
2603 288.154
2604 288.154
2605 288.154
2606 288.154
2607 288.154
2608 288.154
2609 288.154
2610 288.154
2611 288.154
2612 288.154
2613 288.154
2614 288.154
2615 288.154
2616 288.154
2617 288.154
2618 288.154
2619 288.154
2620 288.154
2621 288.154
2622 288.154
2623 288.154
2624 288.154
2625 288.154
2626 288.154
2627 288.154
2628 288.154
2629 288.154
2630 288.154
2631 288.154
2632 288.154
2633 288.154
2634 288.154
2635 288.154
2636 288.154
2637 288.154
2638 288.154
2639 288.154
2640 288.154
2641 288.154
2642 288.154
2643 288.154
2644 288.154
2645 288.154
2646 288.154
2647 288.154
2648 288.154
2649 288.154
2650 288.154
2651 288.154
2652 288.154
2653 288.154
2654 288.154
2655 288.154
2656 288.154
2657 288.154
2658 288.154
2659 288.154
2660 288.154
2661 288.154
2662 288.154
2663 288.154
2664 288.154
2665 288.154
2666 288.154
2667 288.154
2668 288.154
2669 288.154
2670 288.154
2671 286.396
2672 286.396
2673 286.396
2674 286.396
2675 286.396
2676 286.396
2677 286.396
2678 286.396
2679 286.396
2680 286.396
2681 286.396
2682 286.396
2683 286.396
2684 286.396
2685 286.396
2686 286.396
2687 286.396
2688 286.396
2689 286.396
2690 286.396
2691 286.396
2692 286.396
2693 286.396
2694 286.396
2695 286.396
2696 286.396
2697 286.396
2698 286.396
2699 286.396
2700 286.396
2701 286.396
2702 286.396
2703 286.396
2704 286.396
2705 286.396
2706 286.396
2707 286.396
2708 286.396
2709 286.396
2710 286.396
2711 286.396
2712 286.396
2713 286.396
2714 286.396
2715 286.396
2716 286.396
2717 286.396
2718 286.396
2719 286.396
2720 286.396
2721 286.396
2722 286.396
2723 286.396
2724 286.396
2725 286.396
2726 286.396
2727 286.396
2728 286.396
2729 286.396
2730 286.396
2731 286.396
2732 286.396
2733 286.396
2734 286.396
2735 286.396
2736 286.396
2737 286.396
2738 286.396
2739 286.396
2740 286.396
2741 286.396
2742 286.396
2743 286.396
2744 286.396
2745 286.396
2746 286.396
2747 286.396
2748 286.396
2749 286.396
2750 286.396
2751 286.396
2752 286.396
2753 286.396
2754 286.396
2755 286.396
2756 286.396
2757 286.396
2758 286.396
2759 286.396
2760 286.396
2761 286.396
2762 286.396
2763 286.396
2764 286.396
2765 286.396
2766 286.396
2767 286.396
2768 286.396
2769 286.396
2770 286.396
2771 286.396
2772 286.396
2773 286.396
2774 286.396
2775 286.396
2776 286.396
2777 286.396
2778 286.396
2779 286.396
2780 286.396
2781 286.396
2782 286.396
2783 286.396
2784 286.396
2785 286.396
2786 286.396
2787 286.396
2788 286.396
2789 286.396
2790 286.396
2791 286.396
2792 286.396
2793 286.396
2794 286.396
2795 286.396
2796 286.396
2797 286.396
2798 286.396
2799 286.396
2800 286.396
2801 286.396
2802 286.396
2803 286.396
2804 286.396
2805 286.396
2806 286.396
2807 286.396
2808 286.396
2809 286.396
2810 286.396
2811 286.396
2812 286.396
2813 286.396
2814 286.396
2815 286.396
2816 286.396
2817 286.396
2818 286.396
2819 286.396
2820 286.396
2821 286.396
2822 286.396
2823 286.396
2824 286.396
2825 286.396
2826 286.396
2827 286.396
2828 286.396
2829 286.396
2830 286.396
2831 286.396
2832 286.396
2833 286.396
2834 286.396
2835 286.396
2836 286.396
2837 286.396
2838 286.396
2839 286.396
2840 286.396
2841 286.396
2842 286.396
2843 286.396
2844 286.396
2845 286.396
2846 286.396
2847 286.396
2848 286.396
2849 286.396
2850 286.396
2851 286.396
2852 286.396
2853 286.396
2854 286.396
2855 286.396
2856 286.396
2857 286.396
2858 286.396
2859 286.396
2860 286.396
2861 286.396
2862 286.396
2863 286.396
2864 286.396
2865 286.396
2866 286.396
2867 286.396
2868 286.396
2869 286.396
2870 286.396
2871 286.396
2872 286.396
2873 286.396
2874 286.396
2875 286.396
2876 286.396
2877 286.396
2878 286.396
2879 286.396
2880 286.396
2881 286.396
2882 286.396
2883 286.396
2884 286.396
2885 286.396
2886 286.396
2887 286.396
2888 286.396
2889 286.396
2890 286.396
2891 286.396
2892 286.396
2893 286.396
2894 286.396
2895 286.396
2896 286.396
2897 286.396
2898 286.396
2899 286.396
2900 286.396
2901 286.396
2902 286.396
2903 286.396
2904 286.396
2905 286.396
2906 286.396
2907 286.396
2908 286.396
2909 286.396
2910 286.396
2911 286.396
2912 286.396
2913 286.396
2914 286.396
2915 286.396
2916 286.396
2917 286.396
2918 286.396
2919 286.396
2920 286.396
2921 286.396
2922 286.396
2923 286.396
2924 286.396
2925 286.396
2926 286.396
2927 286.396
2928 286.396
2929 286.396
2930 286.396
2931 286.396
2932 286.396
2933 286.396
2934 286.396
2935 286.396
2936 286.396
2937 286.396
2938 286.396
2939 286.396
2940 286.396
2941 286.396
2942 286.396
2943 286.396
2944 286.396
2945 286.396
2946 286.396
2947 286.396
2948 286.396
2949 286.396
2950 286.396
2951 286.396
2952 286.396
2953 286.396
2954 286.396
2955 286.396
2956 286.396
2957 286.396
2958 286.396
2959 286.396
2960 286.396
2961 286.396
2962 286.396
2963 286.396
2964 286.396
2965 286.396
2966 286.396
2967 286.396
2968 286.396
2969 286.396
2970 286.396
2971 286.396
2972 286.396
2973 286.396
2974 286.396
2975 286.396
2976 286.396
2977 286.396
2978 286.396
2979 286.396
2980 286.396
2981 286.396
2982 286.396
2983 286.396
2984 286.396
2985 286.396
2986 286.396
2987 286.396
2988 286.396
2989 286.396
2990 286.396
2991 286.396
2992 286.396
2993 286.396
2994 286.396
2995 286.396
2996 286.396
2997 286.396
2998 286.396
2999 286.396
3000 286.396
